6.88 1.20 33.76
6.67 1.10 31.78
6.26 1.29 30.39
5.62 1.27 30.02
6.21 0.92 33.66
7.33 1.66 38.69
7.04 1.46 40.55
6.40 1.54 33.39
6.03 1.28 34.81
7.29 1.78 42.45
6.37 1.49 36.79
6.98 1.18 37.27
6.71 1.04 35.61
5.95 0.92 31.22
6.04 0.88 32.21
6.41 0.88 29.50
7.20 1.27 35.88
5.89 1.05 32.06
6.51 2.07 34.67
6.22 1.47 35.17
7.19 2.63 33.73
6.50 2.58 28.08
5.15 1.73 23.17
7.17 2.58 33.78
5.12 3.11 24.95
5.65 3.31 33.54
5.33 2.65 27.68
6.55 1.77 30.45
7.07 1.73 35.34
5.73 1.91 25.44
5.84 2.13 26.12
6.51 1.84 29.53
6.86 2.08 29.87
4.91 1.90 22.76
5.82 1.32 28.34
4.81 2.18 25.74
6.27 1.72 33.74
4.86 2.55 20.97
5.94 1.83 24.93
6.03 2.69 27.13
4.60 2.38 28.24
4.56 3.54 18.01
6.15 2.00 26.22
5.75 2.03 26.78
6.81 1.91 29.42
6.46 1.91 28.15
5.94 2.26 23.70
5.97 1.91 25.93
6.18 2.12 28.18
7.68 2.80 33.27
6.44 2.06 28.99
6.73 1.77 32.73
6.41 1.82 26.17
7.20 1.99 32.71
8.00 2.87 34.11
7.42 2.57 30.49
7.81 2.83 32.52
6.96 2.20 33.00
6.58 1.78 29.42
6.75 1.96 26.05
6.76 1.96 28.53
6.74 2.18 28.35
7.01 2.15 31.32
8.27 3.05 34.71
7.52 2.52 33.43
5.98 1.84 26.10
5.85 1.57 23.50
5.74 1.42 25.81
6.47 1.89 28.67
7.20 2.24 32.09
6.69 1.79 30.37
4.38 3.10 24.53
5.01 3.46 25.52
6.22 2.07 25.64
6.18 2.97 31.01
6.12 3.08 28.39
6.39 2.66 31.67
6.17 2.20 32.16
7.36 2.17 39.80
6.03 1.42 31.73
5.77 1.31 29.21
7.48 2.12 44.07
6.79 1.83 40.81
5.74 1.29 28.33
7.00 2.49 29.29
7.43 1.73 36.12
6.92 1.88 34.20
7.24 2.09 33.61
5.61 2.53 28.65
6.10 3.15 26.35
6.53 2.20 28.52
6.08 2.65 25.07
5.45 2.65 24.05
4.14 3.30 21.80
4.74 2.63 26.09
4.72 3.68 25.18
4.82 2.42 25.75
4.94 3.16 21.81
4.99 4.59 18.62
4.78 3.76 14.93
6.00 3.39 18.25
5.37 3.05 19.18
4.99 3.88 17.81
5.06 3.31 13.60
5.44 3.32 17.37
5.00 3.12 16.37
5.21 2.95 14.59
5.04 3.10 12.86
4.85 3.73 15.06
6.08 2.68 18.90
6.07 2.71 16.40
7.20 2.33 28.19
5.72 3.06 16.08
6.55 2.34 21.09
5.03 3.63 20.10
5.00 3.09 16.19
4.95 3.19 14.76
6.16 2.86 19.29
4.00 3.63 9.56
4.30 3.05 13.55
4.56 3.22 14.66
3.98 3.67 13.05
5.05 3.13 17.08
4.90 3.01 15.30
4.02 3.75 14.62
4.89 2.80 16.38
5.37 2.85 18.76
5.15 3.56 19.50
4.56 3.30 17.19
5.50 2.83 20.11
4.63 2.65 17.82
6.55 2.78 27.58
4.87 4.33 20.19
5.27 2.68 19.72
5.41 2.77 22.97
5.65 2.91 23.12
5.57 2.56 25.13
4.06 3.19 16.48
5.41 3.88 25.13
6.15 2.93 24.46
4.95 4.54 22.39
6.67 3.95 29.75
6.04 2.91 25.87
5.94 3.55 24.44
5.60 3.30 24.28
5.60 2.94 22.33
4.42 3.23 20.71
5.11 2.91 16.39
4.70 3.13 15.68
4.75 3.02 16.75
4.58 3.00 16.64
4.17 3.32 19.00
5.17 2.53 21.11
4.30 4.03 17.96
3.63 3.83 14.67
4.66 2.87 19.09
5.88 2.81 21.98
5.75 2.50 21.88
6.04 2.49 19.98
5.78 3.08 21.93
5.85 3.22 17.68
6.24 2.63 21.54
6.30 3.57 19.13
6.28 2.55 21.56
6.04 2.11 21.03
6.79 2.46 25.61
6.44 3.25 20.39
5.36 2.56 18.01
6.61 2.64 22.21
5.48 2.70 17.25
5.69 2.46 18.20
5.37 2.77 21.02
6.31 2.11 23.05
7.09 2.30 27.92
5.44 2.60 22.39
4.89 3.01 21.87
6.31 2.13 24.04
5.48 2.14 24.40
5.09 2.97 20.21
5.31 2.72 18.65
7.01 2.75 24.01
5.42 2.80 17.89
5.51 3.45 20.98
5.38 5.24 18.51
5.20 3.32 14.85
5.71 3.39 12.49
5.57 2.62 14.31
5.27 2.54 18.35
5.21 2.74 21.26
4.56 3.37 17.07
5.45 3.25 20.06
4.85 3.08 18.18
5.35 3.10 20.18
6.07 3.19 18.96
5.49 2.72 17.96
6.10 2.40 21.55
5.32 3.23 18.23
5.45 2.78 17.62
5.77 2.80 18.98
6.78 2.79 22.75
5.29 3.50 17.48
6.86 2.57 24.79
6.05 2.78 16.92
5.61 3.60 19.62
5.79 2.77 23.79
6.19 2.49 20.48
5.73 2.65 20.25
5.40 2.80 16.74
5.10 3.03 13.60
4.77 3.17 13.15
5.81 3.64 17.41
6.01 3.63 21.93
6.08 3.41 16.28
5.43 2.75 19.65
4.97 3.32 16.23
5.81 3.34 17.63
5.28 2.66 17.17
6.78 3.79 22.46
4.79 4.40 18.32
4.97 2.93 15.25
5.72 3.43 18.69
5.85 3.20 22.01
5.24 3.68 18.18
5.59 2.50 18.03
4.78 2.78 16.14
6.63 2.83 22.94
5.48 2.50 17.11
5.02 3.29 17.56
6.58 2.59 25.07
5.59 2.96 22.14
6.56 3.57 22.58
6.26 2.38 21.74
5.53 2.72 22.60
5.53 2.68 18.08
5.24 4.14 18.71
6.10 3.13 20.41
5.84 3.18 18.55
5.80 3.28 17.19
5.84 3.77 20.74
6.97 3.53 22.09
6.00 2.87 18.04
5.82 3.29 15.01
5.29 3.13 20.70
6.51 2.98 20.36
6.41 2.92 21.33
5.14 3.65 13.95
5.34 2.93 13.90
6.71 2.91 19.04
5.59 3.37 15.24
6.32 2.63 19.13
6.53 1.54 21.52
6.72 1.49 23.98
6.87 1.59 23.53
6.58 1.38 24.77
5.87 1.47 19.37
7.06 1.89 24.45
6.17 1.92 27.80
6.22 1.33 27.89
6.27 1.53 25.70
5.70 1.53 25.58
7.06 2.03 31.12
6.75 2.16 32.45
6.27 1.91 25.25
6.80 1.79 30.44
6.40 1.47 24.87
6.57 1.76 23.07
6.56 1.85 25.12
5.92 2.32 18.66
6.40 2.04 24.73
6.84 2.43 25.90
7.74 2.70 27.90
8.14 2.98 30.64
7.42 2.81 29.84
7.40 2.65 27.74
7.98 2.88 31.09
7.69 2.82 28.98
8.35 3.05 34.21
7.10 2.16 32.58
7.42 2.83 27.56
7.33 2.84 27.34
7.84 2.68 31.53
6.11 2.49 22.13
6.38 2.12 25.29
6.78 2.45 31.07
7.29 2.35 31.33
7.63 2.61 33.04
7.50 2.49 30.88
8.53 2.99 35.34
6.00 3.45 27.31
8.17 2.84 32.62
7.43 2.75 29.12
8.26 3.45 33.71
7.48 2.70 29.59
7.28 2.25 31.34
7.62 2.54 32.49
7.09 2.00 31.90
8.33 2.61 38.35
7.73 2.25 35.48
6.90 2.33 31.18
7.72 2.44 35.57
7.39 2.30 32.26
6.37 1.25 29.94
7.32 1.84 34.35
6.85 2.10 28.14
6.29 1.73 28.83
6.72 2.56 29.21
5.67 2.11 25.70
6.39 1.81 26.64
6.88 2.49 28.50
6.11 1.74 30.58
5.33 1.70 22.75
5.50 1.49 28.17
5.79 1.49 28.86
6.81 1.83 28.06
7.62 2.89 35.42
6.21 2.32 29.92
6.15 2.25 31.16
8.08 2.71 32.36
6.62 1.72 26.40
7.76 2.30 35.80
8.29 2.61 37.54
7.71 2.13 36.48
7.56 2.37 37.29
7.07 1.90 31.95
6.25 2.04 30.23
8.03 2.64 34.04
8.05 2.38 36.75
6.26 1.82 27.84
8.00 2.55 35.96
7.06 2.17 31.49
8.27 2.87 38.27
7.23 1.82 34.06
7.04 2.23 29.59
8.61 3.15 36.23
6.64 1.69 31.44
8.17 2.81 34.54
7.91 2.57 35.00
8.25 2.70 40.09
7.85 2.81 35.29
6.60 1.95 29.23
8.03 2.97 34.13
9.57 4.06 42.23
7.95 2.60 36.62
9.09 3.52 41.50
9.50 3.89 43.33
8.66 3.36 40.73
8.31 2.88 40.27
8.49 3.05 38.29
9.14 3.53 40.35
8.70 3.39 38.15
8.04 2.54 38.17
7.88 2.67 35.65
7.65 2.42 33.46
8.09 2.71 35.75
6.76 2.46 28.00
8.00 2.78 35.42
8.35 2.73 39.11
7.23 2.31 34.32
7.75 2.70 33.53
8.01 2.78 37.47
7.95 2.54 34.59
7.87 2.43 37.04
7.87 2.78 32.71
8.10 2.73 34.64
7.36 2.58 33.96
7.64 2.67 34.63
7.66 2.30 36.85
7.07 2.71 27.53
7.13 2.44 29.89
7.19 2.37 28.22
7.60 2.56 31.07
8.41 3.00 35.68
7.77 2.69 36.31
8.04 3.01 32.37
8.98 3.62 35.25
7.81 3.13 31.49
8.23 3.17 34.57
7.55 2.68 34.67
8.18 2.84 41.18
7.99 2.99 35.66
7.34 2.73 31.99
8.09 3.06 35.64
8.24 2.91 36.89
7.89 2.61 35.90
8.52 2.81 40.96
7.41 2.28 33.74
8.18 3.07 36.99
7.81 2.69 36.47
7.90 3.03 34.74
8.78 3.34 39.64
9.07 3.49 40.22
9.16 3.86 37.32
9.47 4.05 37.58
7.43 1.99 36.59
9.39 3.79 38.27
8.92 3.58 34.19
9.42 4.01 38.18
9.48 4.26 37.50
9.09 3.68 36.47
8.96 3.64 37.28
9.60 4.22 39.78
8.31 3.40 35.74
6.67 2.11 31.31
7.12 2.23 35.33
7.25 2.37 31.43
7.69 2.79 33.91
6.59 2.11 30.15
5.57 1.20 29.83
7.25 2.72 32.49
8.72 3.29 39.60
5.49 1.04 25.98
6.52 1.16 30.38
6.64 0.98 33.46
6.91 1.32 33.92
6.64 1.11 35.01
6.79 1.15 33.02
6.80 1.17 33.13
6.04 1.20 28.70
6.14 1.23 29.37
6.80 1.51 32.94
6.44 1.19 34.08
6.95 1.53 34.25
7.72 2.61 32.28
8.61 3.23 34.21
8.66 3.55 33.19
8.85 3.53 36.77
8.10 2.90 33.05
7.51 3.07 27.36
7.55 2.79 28.61
8.84 3.85 34.78
8.58 3.07 38.06
9.48 4.17 40.07
8.92 3.47 41.95
8.89 3.32 39.38
8.12 2.86 33.23
8.26 3.13 33.47
8.15 2.41 37.13
7.12 1.92 28.86
6.26 1.46 25.90
6.31 1.92 26.47
7.12 2.34 26.58
6.68 1.74 27.21
6.56 1.92 27.55
9.12 3.49 40.21
8.38 3.03 37.38
10.21 4.50 47.50
9.39 3.98 45.76
9.02 3.70 40.42
8.84 3.49 41.41
8.70 3.55 43.92
8.68 3.51 38.77
9.07 3.62 44.78
9.60 4.01 40.33
8.81 3.53 40.48
9.60 4.16 45.44
9.05 3.62 45.77
9.36 3.82 43.77
8.49 3.10 39.69
8.53 2.74 38.22
7.63 2.24 34.79
7.76 2.51 37.97
8.69 3.10 43.13
10.09 4.51 47.77
9.47 4.02 43.44
9.04 3.80 40.26
8.66 3.27 39.89
8.59 3.51 38.09
8.12 3.01 38.92
10.47 4.58 46.57
9.06 3.54 42.72
8.16 2.92 34.77
9.33 3.57 43.43
9.25 3.60 40.94
8.22 3.05 31.02
8.88 3.38 35.48
8.09 2.69 32.33
9.07 3.67 33.87
7.30 2.05 31.92
8.34 2.94 34.58
8.92 3.48 34.98
8.58 3.05 35.26
9.38 3.80 35.39
8.28 3.28 32.19
8.28 3.15 32.90
9.56 3.89 42.31
7.84 3.00 30.72
7.33 3.47 29.09
5.55 3.76 25.46
6.94 3.94 31.36
5.73 3.90 25.27
7.30 4.41 32.79
6.73 3.98 30.04
6.07 4.25 19.22
6.77 5.17 27.00
6.39 5.95 26.06
5.83 6.32 25.06
5.28 5.98 25.32
5.23 6.10 25.60
5.56 6.31 26.21
6.08 6.46 26.26
6.12 6.11 25.57
6.02 5.81 25.72
6.23 6.26 26.77
6.32 6.42 28.22
7.89 5.98 29.62
7.44 6.42 30.18
6.49 6.04 26.95
6.01 5.69 26.28
4.75 5.46 17.91
4.96 5.90 19.46
6.40 4.88 28.29
6.23 5.92 28.39
5.63 5.36 21.48
5.50 4.91 21.78
5.74 4.12 22.73
8.20 4.30 36.60
6.26 4.04 25.10
6.14 4.19 23.63
5.61 3.89 24.93
5.61 3.68 20.55
6.70 4.38 23.39
6.93 3.82 26.89
5.32 4.68 12.89
6.67 4.10 27.13
5.64 3.58 24.00
5.52 4.72 18.91
5.32 4.03 22.53
6.65 3.95 28.59
5.75 4.50 24.22
5.07 4.99 19.08
6.46 4.13 26.62
6.10 4.49 19.74
7.40 3.63 31.36
5.95 3.87 23.29
5.30 3.92 22.48
6.40 4.43 24.75
6.44 3.83 25.62
6.00 4.23 23.78
6.35 3.58 24.67
5.49 4.29 22.11
6.24 4.22 22.42
6.06 4.15 25.60
6.07 3.61 24.92
6.19 3.30 25.13
6.00 3.97 27.66
6.40 4.85 24.60
6.09 3.89 23.46
6.51 3.52 28.87
6.34 3.93 26.05
5.90 4.05 21.89
7.11 3.63 31.93
5.70 3.01 26.24
5.86 2.51 27.51
5.63 2.65 27.94
5.28 2.66 27.81
5.41 2.67 23.89
5.78 2.20 25.06
5.30 2.70 22.09
4.92 3.36 21.09
6.53 2.79 28.39
5.64 3.39 22.85
6.52 3.36 23.93
7.93 3.22 33.39
6.22 2.54 29.09
5.20 2.49 23.02
6.87 4.09 25.37
4.40 4.10 17.27
5.78 3.14 25.20
5.36 2.65 23.71
5.80 2.74 23.71
6.53 2.53 29.13
4.98 2.97 20.28
4.58 3.04 19.87
3.85 4.24 11.15
4.95 3.84 22.37
5.91 3.47 22.58
4.52 3.93 14.38
6.59 2.33 32.98
7.12 3.60 26.94
5.72 3.93 18.94
5.33 4.36 16.52
5.16 5.44 18.61
4.70 3.46 19.99
4.23 4.27 19.78
5.02 3.51 20.51
6.01 3.76 24.91
6.38 3.91 26.25
6.44 3.61 27.61
5.53 4.51 23.61
6.43 3.85 25.81
6.69 4.28 27.84
5.82 3.95 20.92
5.56 4.19 19.98
5.79 3.80 25.94
6.75 3.87 27.26
6.57 3.78 25.53
5.77 3.66 26.05
6.10 3.36 25.66
5.73 3.34 25.28
6.75 3.70 28.26
5.60 4.10 23.48
5.44 3.75 21.46
4.87 3.42 22.71
6.15 3.59 25.45
6.29 3.90 21.40
4.91 5.35 13.89
6.10 3.32 27.26
5.66 3.86 21.65
6.11 4.10 26.27
5.57 3.64 25.54
7.17 3.85 29.53
7.64 3.94 31.87
5.82 4.00 23.81
5.43 3.82 21.76
6.58 4.17 24.32
5.04 3.77 22.55
6.06 3.70 27.30
5.24 3.76 26.57
6.08 3.86 21.28
6.10 3.62 21.91
5.01 3.88 20.04
5.41 3.82 22.42
7.02 3.83 28.89
7.09 4.03 25.98
6.23 3.62 23.36
6.31 3.92 23.22
4.98 5.08 10.19
4.79 4.61 13.93
6.17 3.64 21.19
4.72 4.67 15.13
4.54 4.67 13.78
6.99 3.53 26.78
5.68 4.14 21.65
5.20 4.82 16.01
4.13 4.77 10.97
4.56 4.52 12.35
5.40 3.78 18.36
5.01 4.10 18.24
4.40 4.47 17.59
5.32 3.91 21.38
6.39 3.54 25.63
6.12 3.99 26.36
6.41 2.97 29.37
6.16 3.08 29.03
5.77 3.90 18.66
4.83 4.63 15.37
5.39 3.80 21.85
5.71 4.51 19.74
5.60 4.17 21.91
5.37 4.05 17.99
5.66 3.29 23.77
4.55 4.33 18.90
6.23 3.84 28.64
5.77 3.10 27.47
6.03 4.06 22.96
5.75 3.83 22.38
5.11 4.10 17.13
5.37 4.28 22.21
5.76 3.34 26.51
5.78 3.22 21.39
5.64 2.97 24.24
5.52 3.55 21.84
6.03 3.64 25.06
4.88 3.98 20.47
5.47 3.66 21.60
5.56 3.98 14.89
5.32 3.70 21.16
5.07 4.68 13.32
4.38 4.97 10.99
4.88 3.58 20.53
5.17 3.25 21.87
5.62 4.58 21.94
5.93 4.58 19.56
4.93 4.26 16.88
4.66 4.03 18.84
4.80 4.70 15.76
6.68 4.33 29.54
4.58 4.45 18.56
5.49 4.07 21.39
5.86 4.79 20.21
4.22 5.05 11.09
5.14 4.12 17.30
4.84 4.44 16.14
5.61 4.38 23.41
5.58 4.45 16.63
5.12 4.50 14.75
4.78 5.41 10.45
6.59 4.46 19.23
5.99 3.94 21.21
5.22 4.84 17.44
4.58 4.79 8.63
5.01 5.55 10.76
4.69 5.45 11.84
4.72 5.04 13.10
4.78 4.88 11.42
4.70 4.29 13.53
4.55 4.91 13.57
4.15 5.51 9.43
5.11 5.02 11.50
4.53 6.27 9.18
5.23 4.16 17.47
5.08 4.85 14.78
5.40 4.33 13.56
5.06 4.01 16.58
5.59 4.20 17.33
5.34 3.92 18.48
4.57 5.25 8.75
5.24 5.24 8.86
5.35 4.55 12.99
4.74 4.49 15.28
5.50 4.01 16.80
6.76 4.10 20.72
5.42 4.64 15.21
5.30 4.37 15.22
5.47 4.76 15.79
5.30 4.90 9.79
5.04 4.60 13.06
5.43 4.60 11.90
6.65 4.66 15.56
6.03 3.75 22.22
5.83 4.21 18.68
5.51 4.41 11.59
5.85 3.76 20.32
4.85 5.34 6.96
6.11 4.06 17.51
5.24 4.42 12.95
5.60 3.60 20.17
6.78 4.25 23.51
6.43 4.52 16.33
6.41 4.30 16.42
6.96 4.77 16.75
6.54 6.18 16.34
6.24 5.05 21.23
5.57 5.40 17.06
6.29 5.94 13.39
6.58 5.55 12.43
4.94 5.15 11.30
7.88 5.38 20.12
5.42 5.78 8.81
6.83 5.12 19.92
5.59 5.14 12.42
5.85 4.93 15.92
7.08 4.99 19.05
5.36 5.02 17.85
6.47 4.68 24.33
5.76 5.58 12.22
4.87 5.57 9.38
5.69 5.35 14.08
5.38 5.42 11.14
6.23 5.68 16.41
5.93 4.91 17.29
5.23 5.54 7.79
6.05 5.16 13.71
5.82 5.02 15.91
5.03 5.39 12.89
6.04 5.10 14.91
6.54 4.11 24.48
6.53 4.91 16.34
7.36 4.52 24.79
6.35 4.92 18.31
6.57 5.67 22.41
7.07 4.85 22.97
6.36 4.86 17.36
7.47 4.08 28.89
6.89 5.51 14.78
5.78 5.13 23.58
6.21 4.85 26.48
6.34 4.63 28.68
6.96 4.85 28.51
6.88 4.60 33.47
6.43 4.63 27.45
6.65 4.68 26.12
6.72 4.38 30.32
6.84 4.67 29.44
6.13 4.82 26.56
5.98 4.87 24.27
6.26 4.81 26.50
6.01 4.74 25.13
6.28 4.59 28.47
7.57 4.19 28.42
8.02 4.17 32.52
8.23 4.35 32.05
6.68 4.74 24.82
7.52 4.53 30.85
7.85 4.24 28.76
6.45 4.62 17.97
5.88 5.27 12.78
5.83 4.93 18.94
7.19 4.74 21.33
7.24 5.25 17.95
6.58 4.47 17.91
6.95 5.38 19.91
7.09 4.84 17.37
6.80 4.80 16.36
6.43 4.24 23.65
6.61 5.01 22.64
7.10 4.47 27.66
6.47 5.31 18.74
6.16 5.22 12.09
7.31 5.00 19.23
6.39 4.76 18.86
6.49 5.13 16.62
6.31 4.81 17.68
7.26 4.93 18.35
7.18 5.11 15.84
6.13 5.72 11.68
5.84 6.56 11.88
6.09 6.74 19.11
5.98 4.95 13.67
5.73 6.55 12.14
5.89 5.44 4.94
5.31 5.41 11.11
6.63 5.15 13.49
6.69 5.68 15.77
5.69 5.98 10.14
5.73 5.71 12.91
6.53 5.77 10.87
5.55 6.34 6.83
5.76 5.56 9.23
5.98 5.40 12.18
5.97 6.12 15.68
6.32 6.11 16.01
5.69 6.45 11.26
6.33 6.08 9.45
5.90 5.01 13.31
6.18 5.85 12.80
6.04 5.47 13.07
5.89 5.45 13.58
6.68 4.37 28.30
6.28 5.41 18.76
5.25 6.04 8.78
6.19 5.17 18.15
5.57 5.44 15.10
6.17 4.61 16.79
5.41 5.86 18.47
5.69 5.17 15.91
6.17 5.97 8.98
6.67 4.99 15.13
6.25 4.93 13.88
6.37 4.83 22.27
6.36 5.00 19.54
4.46 6.19 3.67
5.98 5.12 17.49
6.37 4.73 23.96
5.02 5.32 11.85
5.31 5.24 12.51
5.77 4.63 16.76
6.16 5.37 13.36
6.16 4.79 16.65
5.96 4.88 20.78
7.71 4.11 27.67
6.53 4.25 21.71
6.11 4.97 16.07
7.35 4.88 29.04
5.69 4.68 13.67
6.10 5.14 18.27
6.23 5.22 22.98
6.88 4.70 19.17
6.17 4.84 19.20
7.58 4.32 28.30
6.42 4.69 18.03
5.70 4.84 17.43
6.41 4.71 19.15
6.51 4.44 22.90
6.37 4.70 21.81
7.23 4.70 20.31
7.41 4.01 28.40
7.91 4.40 28.89
6.66 4.88 20.21
7.39 4.75 22.23
5.72 4.11 20.82
6.86 4.41 22.27
6.19 5.32 15.87
7.04 4.16 25.51
6.84 4.53 21.71
6.61 4.60 28.27
6.31 4.93 24.07
5.79 5.23 27.23
5.91 4.98 24.33
6.13 4.91 18.35
6.07 4.78 17.97
6.69 4.96 27.93
6.03 4.76 28.72
6.16 4.94 25.61
6.12 4.92 22.35
6.08 4.33 27.01
6.44 4.95 28.07
6.34 4.64 25.58
6.55 5.06 26.74
6.69 4.66 31.91
6.45 4.54 28.86
7.06 4.85 36.53
6.42 4.56 25.79
5.81 5.11 18.75
6.87 4.79 27.65
5.70 4.90 16.85
5.90 5.47 14.87
6.63 4.78 23.43
6.29 5.27 17.18
6.14 4.97 23.92
6.85 3.96 28.83
6.07 4.64 19.95
6.70 4.91 23.05
6.51 4.57 32.07
5.94 4.77 19.84
6.67 5.23 28.24
6.91 4.64 31.81
6.48 4.98 23.84
7.09 4.62 33.94
6.37 5.10 30.41
6.94 4.94 27.97
5.93 5.19 20.13
7.05 4.70 31.44
7.03 5.01 32.68
7.14 4.86 29.31
5.83 4.92 26.38
6.14 4.97 24.57
5.96 4.93 26.13
5.57 5.22 18.46
5.20 4.85 26.29
5.62 4.80 25.79
4.88 4.98 19.32
5.02 4.83 21.08
6.33 4.00 25.59
5.38 5.12 18.72
5.92 5.21 25.17
5.12 5.69 17.72
5.49 4.82 25.34
6.29 5.30 19.81
7.12 4.12 26.21
8.56 5.10 30.49
6.65 4.63 26.23
6.01 5.03 27.28
6.34 5.61 25.93
6.40 5.12 25.69
7.98 5.06 40.94
6.09 4.42 20.33
6.61 4.90 14.71
6.87 4.42 20.34
6.48 5.87 9.72
6.17 5.50 13.48
7.18 5.23 19.09
6.79 4.97 19.39
6.97 5.02 22.52
6.12 5.32 13.59
6.06 5.32 13.17
6.24 5.10 16.49
6.49 5.73 21.17
6.88 5.56 21.63
5.95 4.70 16.98
7.01 5.47 19.95
6.24 5.64 16.05
6.57 5.65 11.12
7.60 4.46 29.44
6.25 4.60 21.11
6.62 5.88 13.45
7.75 5.28 21.46
6.27 5.25 16.42
5.72 5.73 7.89
6.30 4.77 18.81
6.63 5.38 15.08
6.21 4.62 20.84
5.93 5.14 17.18
5.84 6.12 14.57
5.86 5.45 15.35
5.87 5.25 12.55
5.19 5.26 12.42
5.78 5.87 8.13
5.52 5.26 11.11
4.78 5.34 9.55
6.76 5.70 22.97
5.85 5.28 15.61
6.16 5.29 14.49
5.04 5.98 7.95
5.78 5.07 19.52
5.81 4.88 21.16
5.30 5.14 19.95
5.58 4.83 24.16
6.48 4.19 23.81
4.80 4.28 18.31
5.29 4.69 15.71
5.69 4.50 16.73
6.20 4.95 19.79
6.29 4.85 20.10
5.85 4.70 22.64
5.79 4.89 18.56
6.02 4.80 21.92
6.93 5.53 17.07
6.64 5.17 15.74
7.13 4.58 25.94
6.07 5.43 12.93
6.84 4.76 17.99
6.64 5.08 19.42
7.31 4.93 18.37
7.51 4.89 21.57
7.92 4.67 28.51
7.52 4.92 24.69
7.31 5.16 21.79
5.87 5.07 14.88
5.48 4.28 14.04
5.29 5.02 10.74
5.38 5.40 9.75
5.60 5.87 4.89
5.34 5.50 7.92
5.12 5.90 3.55
5.90 5.38 10.52
5.88 5.84 3.99
5.11 6.18 5.84
5.91 6.08 7.87
6.01 5.66 13.31
6.06 5.25 11.64
5.07 5.94 4.71
5.71 5.26 12.81
7.32 4.99 21.77
4.96 5.76 4.47
5.66 6.00 9.54
6.83 4.57 20.29
5.26 6.20 15.95
6.11 5.11 16.98
5.47 5.70 9.02
5.57 5.20 12.77
6.22 4.89 16.05
6.25 5.35 10.68
6.43 4.93 14.46
5.88 5.50 8.55
6.14 5.00 14.35
5.01 5.74 8.24
5.60 5.15 12.24
5.19 5.86 7.08
6.73 4.78 20.17
5.78 5.22 15.72
6.13 4.90 19.76
5.17 6.05 11.11
6.12 5.19 18.38
5.11 5.64 13.09
5.65 4.95 19.26
5.91 5.42 16.87
5.24 5.68 12.57
6.13 5.46 12.16
4.71 5.76 10.23
5.38 5.32 12.42
5.99 5.84 9.37
6.00 5.77 25.04
6.23 5.60 22.54
5.50 5.58 23.21
5.78 5.31 11.79
5.68 4.57 17.93
6.61 6.99 25.52
5.61 4.55 25.93
6.36 5.24 21.31
5.55 4.59 15.07
6.72 4.43 20.92
6.96 3.55 34.71
6.14 3.96 25.27
6.50 4.19 29.99
5.53 3.94 28.86
5.90 3.97 27.25
5.47 4.05 24.84
6.48 3.83 32.09
5.66 4.48 32.23
5.24 4.37 26.25
5.75 4.31 26.59
6.16 4.15 29.61
4.67 5.09 22.05
5.57 4.81 29.35
4.82 5.34 20.49
5.78 4.30 30.71
4.70 5.48 22.40
5.70 4.25 29.45
6.91 3.89 36.12
6.64 3.78 34.35
5.32 4.61 21.50
5.62 4.40 28.98
5.26 4.43 26.29
5.76 4.36 28.31
6.13 3.90 27.76
6.20 3.57 28.24
4.75 4.78 20.50
6.69 3.89 29.72
5.89 3.98 28.74
5.94 4.12 26.01
5.44 4.56 20.39
5.21 4.48 24.49
7.03 3.68 32.22
5.67 4.06 25.88
5.36 4.79 23.77
5.22 4.59 20.13
6.06 4.63 21.15
5.30 5.03 15.43
7.08 4.84 23.50
7.21 4.91 27.80
6.39 4.65 22.23
6.41 5.12 20.23
6.57 5.00 18.40
6.86 4.68 24.22
6.89 4.99 20.10
6.82 4.63 28.43
5.56 5.09 19.93
6.02 4.84 18.99
5.51 4.67 20.19
5.73 5.03 18.41
6.39 4.25 24.52
5.78 5.49 13.49
4.92 5.49 10.15
5.20 6.42 1.78
5.58 6.16 22.93
5.13 5.56 8.69
6.35 6.04 12.98
5.08 6.33 1.88
5.23 5.75 10.90
6.08 6.17 14.38
6.76 5.48 17.24
5.18 5.86 8.15
6.24 5.10 20.80
4.87 6.08 8.05
5.19 5.96 7.61
5.28 7.22 9.76
5.15 5.59 5.97
5.18 5.59 9.33
5.01 6.85 4.15
5.42 5.31 14.02
6.07 4.84 17.68
6.71 5.43 13.05
5.61 5.40 10.92
5.28 5.05 10.29
5.85 5.40 13.86
7.09 4.61 20.24
6.03 4.89 13.86
6.22 4.95 15.83
6.54 4.22 19.38
5.65 5.40 9.82
6.06 4.76 17.17
6.69 4.25 20.17
5.93 5.27 14.43
5.06 5.48 10.81
5.50 5.39 13.07
5.52 5.30 12.54
5.93 5.28 13.61
5.84 5.27 11.56
6.02 5.28 15.96
5.62 4.83 13.46
6.59 4.78 16.58
5.73 4.43 14.59
6.65 5.93 18.25
5.84 4.59 23.03
6.41 4.93 19.91
5.63 5.71 13.16
5.99 5.04 17.75
5.54 5.31 13.58
5.09 5.45 12.51
4.80 5.99 19.21
5.32 5.96 17.44
5.34 6.52 9.54
4.94 5.65 15.59
5.89 5.96 17.53
5.64 5.65 13.85
5.25 5.64 18.01
6.47 5.38 17.77
5.47 5.32 14.15
5.66 5.18 11.43
5.23 6.48 5.10
5.61 5.64 9.56
5.51 5.81 10.67
5.88 5.26 18.14
5.42 5.52 9.28
4.81 6.00 6.90
5.49 5.01 10.57
6.07 5.59 8.23
6.54 4.82 19.06
5.93 5.25 10.58
5.82 4.95 12.59
6.35 4.71 18.08
6.45 5.13 15.21
7.04 4.95 20.13
5.98 6.13 3.78
5.12 4.85 12.10
6.39 3.98 22.17
8.41 4.46 30.27
6.12 3.61 21.71
5.79 5.23 10.86
6.95 4.79 19.91
5.65 4.87 13.51
6.83 5.02 20.55
6.93 4.31 22.07
7.39 4.52 21.07
6.54 4.11 18.29
5.22 4.93 9.59
6.98 4.42 22.36
6.91 5.08 13.35
6.89 4.25 20.08
7.19 5.10 19.16
7.26 4.05 25.43
5.71 4.59 19.79
5.97 5.22 11.84
7.04 5.06 20.97
6.31 4.27 16.34
5.29 5.22 13.21
6.27 4.07 22.69
5.55 4.93 14.10
6.69 3.69 24.94
6.63 3.72 21.78
6.42 4.18 18.18
5.28 4.38 14.95
7.50 3.79 26.20
7.71 3.95 27.61
7.20 3.83 26.26
6.14 4.55 16.76
6.50 4.22 17.02
6.87 4.16 23.27
5.83 3.71 19.95
5.43 4.51 12.86
7.13 3.95 23.29
5.28 5.67 10.12
4.90 4.74 10.96
4.37 5.19 4.91
5.63 5.16 19.80
5.26 5.37 13.83
6.30 5.50 14.60
5.41 5.29 17.10
6.48 5.39 18.85
6.65 5.08 17.07
6.35 5.09 17.52
5.34 4.52 15.92
6.07 5.50 15.51
5.13 6.01 11.25
5.56 4.99 15.75
5.88 4.49 17.73
5.66 5.37 13.73
5.82 4.68 16.44
5.91 4.90 16.02
5.33 4.74 14.89
5.69 4.50 20.70
6.72 4.19 22.49
5.05 5.37 14.98
6.69 4.56 18.48
5.47 5.02 11.77
7.44 4.74 21.50
5.33 5.11 12.86
6.14 4.17 23.72
6.16 5.40 22.94
7.56 5.07 27.23
6.32 4.52 23.31
6.07 4.63 25.83
6.18 4.25 23.17
6.25 4.05 22.71
5.19 4.99 11.96
5.19 5.28 13.52
5.72 4.70 13.25
6.04 4.76 16.34
6.28 5.55 10.01
5.09 5.64 14.07
5.50 5.34 12.06
6.60 4.50 21.76
5.13 5.13 11.45
5.63 5.02 14.26
6.23 4.15 19.33
4.95 4.93 10.90
5.55 4.76 12.68
6.60 4.63 17.89
5.37 4.66 14.38
6.00 5.51 21.28
5.47 5.01 16.72
5.31 5.14 16.98
5.07 4.85 18.67
5.88 4.46 22.34
5.47 5.13 22.13
5.82 5.04 22.10
6.11 4.81 17.54
5.94 4.65 23.54
6.27 4.87 22.94
5.80 4.80 18.67
6.00 5.08 21.75
5.73 4.25 22.20
6.13 4.36 24.31
5.66 4.67 19.96
5.76 4.40 20.91
6.60 4.52 23.28
6.36 4.31 27.02
5.40 4.64 19.97
5.30 4.89 18.71
6.10 4.27 20.35
5.30 4.48 19.01
5.77 4.45 16.41
6.15 4.29 22.99
5.91 4.62 15.88
6.02 4.66 20.05
6.82 4.01 26.05
7.75 4.21 28.10
6.69 3.88 28.45
7.51 4.29 28.52
6.93 4.23 23.83
6.14 4.46 18.62
5.58 4.10 20.21
6.12 4.30 21.79
6.83 4.20 23.36
6.35 4.27 22.09
5.84 4.71 18.97
5.93 4.47 21.85
6.84 4.57 22.72
6.54 4.40 23.38
6.57 4.35 25.28
6.09 4.42 18.64
7.09 4.68 26.95
5.51 5.02 13.18
6.27 4.46 20.37
6.24 5.01 17.07
5.59 4.83 13.57
6.60 4.97 19.57
6.41 5.18 14.41
5.69 4.48 13.34
5.86 4.85 16.64
7.30 4.90 20.09
6.08 4.60 14.80
6.65 5.35 14.16
6.75 5.40 19.45
6.96 4.48 21.10
5.89 5.05 12.90
6.45 5.30 10.05
6.01 5.62 11.83
6.99 5.13 19.79
6.00 6.27 19.84
6.54 4.81 27.19
8.21 4.33 36.29
5.80 3.59 24.72
6.89 3.79 26.19
7.08 3.65 26.40
5.53 4.12 17.52
6.17 3.87 24.13
7.44 4.01 30.40
6.38 4.59 18.77
5.32 4.88 15.91
5.63 4.03 22.64
5.29 4.25 11.95
6.09 4.10 19.76
4.97 4.78 13.03
5.46 4.83 13.42
4.80 4.30 11.82
6.33 4.06 24.49
5.55 4.24 19.64
6.31 3.99 20.17
6.46 4.34 17.71
6.18 4.52 14.94
5.75 5.40 12.38
4.54 4.75 11.48
5.96 4.00 22.21
4.87 4.55 15.27
5.59 4.39 15.77
6.57 4.28 20.07
5.39 4.45 18.07
6.15 4.37 22.62
6.80 4.77 20.63
4.93 4.68 11.31
4.98 4.14 19.03
5.21 5.12 13.30
6.11 3.97 24.11
5.25 5.15 10.41
5.75 4.85 10.38
3.75 5.22 7.24
4.76 4.36 15.54
4.59 5.34 10.60
5.97 4.60 19.80
5.67 4.60 16.90
4.66 4.71 16.03
4.73 4.41 16.36
4.69 5.35 9.51
5.38 4.41 15.07
5.27 4.57 16.42
5.63 4.93 10.65
5.60 4.00 20.76
5.93 4.12 20.59
6.87 3.68 30.38
6.42 4.00 26.32
6.84 4.05 25.55
4.47 4.51 12.74
4.74 5.14 9.24
6.35 3.69 22.76
5.65 4.27 16.84
5.44 4.13 17.89
6.09 4.13 19.66
6.55 3.83 28.49
7.59 4.24 32.23
8.39 4.03 31.64
7.02 3.74 28.75
5.41 4.01 22.23
6.87 3.97 27.92
7.09 4.03 29.56
6.63 3.84 25.22
6.73 4.24 27.47
8.02 4.10 36.03
7.89 3.57 37.05
6.64 3.47 28.90
6.62 3.96 28.50
6.46 4.17 25.56
7.37 3.88 30.66
6.48 3.95 27.51
7.11 3.59 28.42
6.53 3.67 27.33
6.29 3.69 27.08
6.76 4.03 24.98
6.99 4.26 30.47
7.17 3.80 29.34
7.73 3.93 31.21
7.01 3.68 30.95
7.42 3.36 31.90
6.95 4.40 29.86
8.20 4.11 32.46
7.75 3.96 34.18
7.15 4.04 29.69
6.71 4.50 27.53
6.74 4.00 29.63
7.15 4.33 29.71
6.74 4.15 26.75
7.41 4.32 31.16
7.66 4.06 34.15
6.45 4.19 25.07
7.36 3.82 31.45
6.82 3.90 29.02
7.31 4.44 29.52
6.37 4.36 23.44
6.72 4.13 26.27
6.44 4.40 28.11
6.75 3.93 29.52
7.11 4.23 28.02
6.33 4.31 24.28
7.75 3.56 31.58
7.28 4.06 28.73
7.90 3.64 34.64
8.52 4.24 34.81
5.09 5.27 9.23
5.56 4.57 16.92
6.24 4.75 20.96
6.55 4.68 23.94
5.45 5.17 19.22
7.27 4.44 23.40
7.47 3.87 29.50
6.55 3.44 28.96
6.00 4.10 25.66
5.65 3.61 23.01
6.85 3.93 27.27
6.26 4.67 21.22
5.33 4.62 15.21
6.76 4.90 21.11
6.23 4.54 18.33
6.87 3.88 22.77
6.76 4.11 24.69
6.94 4.22 23.21
7.07 4.12 27.10
7.71 4.69 29.62
6.87 4.43 18.54
7.37 4.95 18.46
7.45 3.93 24.07
6.13 4.66 15.43
6.77 4.13 24.81
6.57 4.04 24.22
7.81 4.52 28.82
7.94 4.67 25.03
7.29 4.30 25.80
7.01 4.46 20.00
6.55 4.69 20.07
7.02 4.65 19.42
7.24 4.26 23.20
7.19 4.62 23.02
7.07 4.81 19.51
6.75 4.47 17.61
4.42 4.88 0.78
5.01 4.18 9.64
4.63 4.62 8.76
4.89 4.64 7.10
6.57 3.30 21.05
5.38 3.64 15.79
6.32 3.50 16.03
7.09 2.63 24.93
7.96 3.38 22.92
7.41 3.11 23.73
10.30 4.90 38.56
9.04 3.92 32.32
8.98 4.24 27.90
8.85 4.45 22.70
8.65 4.27 22.38
8.37 3.47 29.07
8.37 3.57 26.36
8.41 3.53 30.99
9.41 4.40 30.89
9.99 4.64 36.91
10.45 5.02 40.54
9.31 4.35 28.25
9.77 4.60 33.23
9.24 4.24 30.92
9.40 4.26 36.25
10.26 4.86 38.82
9.96 4.85 34.62
9.14 4.15 31.50
9.31 4.13 33.18
10.28 4.87 37.81
9.65 4.41 35.56
10.23 4.93 35.44
8.97 4.06 32.50
10.97 5.78 34.34
9.06 3.98 32.26
9.29 4.16 33.14
10.09 5.18 33.60
