6.43 0.81 32.94
6.18 1.06 33.43
6.43 1.01 33.38
6.75 1.09 35.56
6.93 1.30 37.31
6.32 1.46 34.46
6.94 1.47 39.43
6.16 0.99 31.51
6.42 1.18 32.46
7.25 1.57 39.83
7.65 1.80 39.40
7.81 2.10 41.39
7.25 1.76 39.14
6.33 1.24 30.91
7.66 2.07 40.55
6.10 0.91 32.23
7.58 1.88 40.46
6.40 1.20 31.87
7.10 1.49 37.57
5.80 1.36 32.29
5.94 1.24 33.78
7.44 1.78 38.21
7.11 1.48 38.98
7.23 1.50 39.78
6.44 1.11 36.46
6.00 1.50 31.19
6.73 1.28 37.61
6.33 1.58 36.68
6.06 1.12 30.30
5.63 2.23 29.88
5.57 1.59 29.91
6.33 1.87 33.42
6.02 1.30 29.82
3.94 3.46 19.44
3.66 3.12 18.61
3.69 3.00 19.53
4.22 2.35 20.00
4.19 2.30 17.80
4.93 2.62 23.59
5.84 1.98 34.09
4.53 2.77 24.59
6.77 1.87 41.13
5.63 1.53 33.10
6.38 1.13 36.83
6.67 1.17 37.77
6.95 1.47 36.33
6.36 1.24 31.97
6.66 1.30 38.28
6.17 1.65 32.25
5.95 0.81 32.71
5.83 0.82 31.13
6.21 0.70 32.61
6.49 0.96 33.92
5.70 1.00 31.69
6.41 1.26 34.67
5.79 0.76 30.29
6.33 1.03 32.27
5.65 1.27 32.17
5.95 1.30 30.80
5.69 0.95 31.52
6.33 1.13 34.29
6.18 0.91 31.94
6.95 1.42 37.75
6.55 1.51 29.29
6.56 2.60 22.31
6.18 1.31 31.21
5.81 1.49 26.65
6.69 1.50 27.66
7.50 1.81 33.67
6.92 2.00 28.48
6.38 1.64 25.01
6.20 1.74 31.81
6.94 1.98 32.67
6.40 1.98 32.52
7.50 2.09 37.10
7.16 1.98 37.35
6.04 2.50 30.06
5.81 1.76 29.98
7.58 1.95 39.28
5.79 1.71 26.41
6.13 1.42 29.42
5.26 1.94 23.61
4.98 2.11 22.52
5.46 2.06 30.23
5.48 2.36 28.70
4.65 2.88 28.16
5.26 2.22 26.46
6.66 1.62 35.98
6.16 2.33 27.01
5.15 2.30 29.99
6.14 1.58 30.76
5.83 1.25 29.65
5.48 2.32 26.61
5.94 1.89 23.33
6.86 1.87 28.02
6.26 1.27 26.42
6.99 1.84 28.72
5.92 1.00 27.06
6.03 1.56 28.22
6.29 0.96 28.96
6.43 1.55 31.91
6.58 1.79 29.66
6.65 1.69 33.34
5.84 1.89 28.36
6.74 1.53 32.92
6.65 1.75 31.53
6.80 1.61 32.50
6.84 1.32 35.22
5.58 1.10 30.47
6.06 1.04 32.33
5.35 1.23 30.07
6.80 1.22 34.86
6.02 0.75 29.88
6.48 1.10 34.31
6.91 1.45 37.06
6.74 1.01 32.33
6.41 0.62 30.39
6.48 0.71 33.22
6.63 1.32 37.40
5.91 0.84 30.55
6.31 1.02 34.44
5.63 0.99 31.26
7.65 1.95 37.91
6.19 1.10 34.23
6.55 1.21 37.14
6.54 1.27 35.86
6.05 0.96 30.35
6.27 0.66 30.38
6.43 0.86 32.34
5.55 1.23 31.81
7.00 1.26 36.68
7.03 1.42 37.88
6.95 1.45 40.42
6.42 0.87 32.28
6.75 1.32 37.32
6.90 1.32 38.31
7.18 1.49 39.90
7.36 1.84 42.16
6.53 1.05 35.13
5.77 1.09 31.32
7.14 1.68 39.82
6.46 0.94 33.69
7.05 1.38 38.48
6.24 0.92 31.06
6.61 1.14 36.18
6.56 1.38 36.08
6.87 1.38 38.57
6.56 1.15 34.64
6.41 1.44 37.80
6.56 1.11 36.18
6.57 1.42 38.78
6.70 1.49 38.40
6.84 1.30 37.69
5.92 0.87 31.75
6.48 1.33 34.29
6.24 1.26 32.49
6.69 1.30 36.97
7.31 1.68 39.04
6.61 1.28 37.04
5.89 1.14 33.96
6.11 1.01 34.32
6.64 1.21 36.12
6.70 1.28 37.23
7.20 1.46 37.39
6.57 1.22 33.79
6.13 1.14 36.26
6.34 1.01 34.23
6.01 1.08 33.02
6.91 1.49 35.26
7.37 1.95 41.52
6.49 0.99 35.85
6.98 1.43 37.85
6.46 1.09 33.98
5.79 1.15 30.79
6.38 1.04 34.65
7.47 1.74 37.20
6.69 0.97 34.28
6.56 1.30 34.80
6.26 1.15 35.23
5.79 1.44 32.42
7.27 1.64 38.97
7.23 1.61 38.17
6.29 1.40 34.32
5.81 1.06 31.25
6.96 1.29 35.53
6.87 1.39 35.12
6.32 0.83 33.46
6.67 1.29 37.21
6.23 1.14 33.37
6.66 1.36 35.49
6.76 1.22 35.66
6.39 1.22 35.39
6.59 1.35 32.88
6.14 1.27 32.96
7.03 1.72 41.36
6.37 0.94 33.67
6.55 1.04 31.97
6.74 1.24 32.21
6.37 0.83 31.00
6.96 1.31 32.66
6.69 1.50 32.72
6.70 1.77 31.93
6.81 1.42 32.07
6.35 1.81 32.49
7.25 1.95 33.02
6.75 1.37 35.38
6.43 1.02 31.39
7.20 1.58 37.54
6.31 0.98 33.33
6.34 0.94 33.87
6.85 1.14 35.00
6.43 1.06 35.65
6.54 1.19 36.91
6.75 1.08 33.71
7.47 1.80 42.28
6.15 1.36 36.98
7.46 1.64 39.44
6.69 1.37 39.01
6.16 1.30 35.54
6.75 1.36 35.62
6.74 1.28 37.83
6.47 0.89 33.26
5.94 1.31 33.95
6.73 1.26 37.77
6.54 1.28 36.79
5.88 1.22 33.90
5.81 0.96 31.64
6.18 0.86 32.62
7.53 1.85 40.64
6.04 1.71 29.80
6.97 1.51 34.37
6.39 0.93 33.76
5.86 0.85 31.02
5.69 1.33 30.14
4.65 2.17 24.94
4.76 1.58 26.50
5.54 1.42 30.01
5.27 1.87 26.78
4.86 1.94 26.05
5.56 1.74 29.05
5.07 1.95 27.07
6.02 1.59 30.95
6.68 1.72 35.79
6.83 1.30 33.69
6.69 1.18 37.11
7.26 1.45 38.25
6.67 1.07 36.06
5.77 1.73 30.12
5.43 1.04 27.40
5.50 1.34 21.55
6.77 1.22 29.52
6.26 1.50 25.48
6.79 1.44 30.57
7.87 2.32 35.62
8.22 2.41 38.55
7.54 1.84 32.38
7.63 1.95 36.59
7.62 2.03 34.69
7.73 1.95 37.46
6.74 2.08 30.02
7.08 1.87 28.64
7.68 2.23 30.94
7.20 2.02 30.19
6.51 2.13 28.00
5.76 2.65 25.99
5.28 2.03 25.82
7.69 2.53 36.89
7.70 2.47 33.75
6.33 1.78 29.98
6.21 2.21 22.76
5.46 2.24 21.29
5.77 1.72 24.90
6.66 1.85 29.51
5.77 1.62 29.20
6.15 1.48 26.64
5.06 1.78 25.10
6.36 1.74 30.36
5.92 1.57 27.71
6.25 1.77 30.49
6.15 1.52 26.90
6.94 2.21 33.27
5.94 1.68 27.17
6.34 1.93 30.55
5.41 1.67 24.96
6.16 1.70 30.47
5.19 1.71 24.89
5.48 1.88 23.28
6.38 1.83 29.46
6.30 1.78 27.56
7.88 2.78 34.15
6.77 1.77 28.95
6.24 2.38 28.62
6.40 1.95 26.03
6.28 2.65 30.16
7.12 2.28 30.60
5.74 2.57 26.15
6.28 2.95 31.78
5.86 2.45 25.17
6.14 2.05 27.70
5.68 2.30 27.04
6.13 2.40 26.36
6.14 2.01 27.51
6.48 2.07 28.57
6.08 2.21 28.01
6.27 2.89 30.10
6.59 3.09 30.16
6.14 3.56 30.16
6.18 2.75 32.32
7.59 2.75 35.04
6.71 3.55 34.50
6.57 3.16 34.15
6.87 3.83 34.59
5.90 3.17 32.49
5.98 2.44 31.49
6.36 2.76 31.49
6.34 2.61 30.63
6.29 2.21 28.77
6.39 1.88 30.60
6.02 2.14 29.10
5.99 2.02 27.52
6.87 2.37 31.61
5.95 2.33 23.56
7.28 2.54 32.76
6.98 2.29 31.65
7.87 2.71 37.55
7.14 2.29 32.92
6.45 2.13 30.23
6.63 2.40 32.50
5.75 2.13 26.06
6.65 2.57 27.09
7.52 2.64 35.04
7.28 2.70 32.88
7.27 2.98 31.96
6.91 2.25 30.90
6.63 2.58 30.84
6.01 1.79 27.29
6.61 2.29 30.74
7.05 2.08 33.29
6.68 2.13 30.86
7.31 2.08 34.86
7.68 2.35 37.18
6.77 1.87 29.99
6.52 2.44 28.22
6.21 1.93 28.39
6.90 1.88 33.78
7.97 2.83 35.96
6.64 2.20 28.27
6.53 1.93 30.09
6.80 2.21 29.80
6.32 2.05 27.13
7.16 2.27 32.06
5.73 2.45 26.13
7.35 2.21 34.47
5.70 1.87 24.90
6.04 2.25 27.32
5.50 2.08 25.74
6.84 1.75 30.83
5.88 1.48 29.15
6.23 1.62 27.56
6.55 1.95 26.62
7.10 2.41 29.03
7.11 1.88 31.34
6.31 1.48 28.29
6.26 1.86 25.59
6.26 2.35 24.52
7.06 2.13 29.67
6.22 2.08 27.18
6.47 2.03 26.74
6.18 1.50 27.02
6.50 2.05 28.15
6.56 2.21 28.57
7.08 2.58 31.06
6.79 1.97 30.42
6.41 1.73 30.22
7.94 2.30 33.70
6.66 1.76 28.49
6.80 2.06 28.77
6.71 2.08 28.05
6.28 1.58 25.67
5.68 1.41 27.16
6.70 1.92 28.79
6.52 1.89 30.52
7.15 1.76 32.18
6.75 2.56 30.64
6.37 2.64 29.99
5.63 2.66 29.49
5.68 2.81 30.42
5.59 2.19 28.36
5.48 2.92 27.51
5.12 2.62 26.85
6.11 2.61 29.24
4.69 3.59 25.41
4.96 2.93 27.63
5.19 2.59 29.27
5.71 3.14 31.76
5.60 3.08 27.96
5.40 2.60 27.67
5.68 2.93 28.64
6.09 2.32 30.14
5.62 3.55 27.18
6.26 2.71 32.35
5.69 3.01 27.14
4.52 3.41 25.53
5.57 2.91 27.73
4.93 2.50 26.97
5.48 2.41 31.17
5.86 2.20 30.88
5.57 3.11 31.67
6.00 2.62 32.90
4.70 2.75 25.78
4.68 3.31 25.33
5.47 2.98 28.80
5.22 2.72 28.33
5.88 3.19 34.34
5.17 3.18 27.04
5.22 3.10 30.98
5.29 3.19 29.97
5.34 3.56 28.22
5.24 3.30 27.62
4.35 3.71 25.73
5.52 3.81 27.05
5.11 3.48 29.54
5.45 3.63 34.12
5.18 3.84 26.69
5.26 3.62 27.62
5.80 2.91 30.97
5.27 3.42 26.02
5.43 3.29 27.64
5.59 3.67 28.71
5.59 3.41 29.48
5.69 3.51 26.38
5.99 3.24 26.67
6.19 3.47 30.07
5.77 3.41 28.86
5.36 3.70 27.16
5.81 3.22 29.77
6.03 3.30 32.51
5.41 3.54 30.33
5.83 2.81 28.27
4.25 3.10 23.89
4.73 3.44 25.09
5.20 3.01 27.30
5.11 2.98 28.72
5.53 2.98 29.04
5.85 2.95 31.08
4.83 3.80 27.00
5.50 3.42 32.59
5.59 3.20 30.68
4.83 3.37 26.43
5.38 3.23 27.58
5.21 3.61 26.42
5.30 3.46 29.82
5.51 2.95 25.72
5.73 3.00 30.00
5.73 3.52 30.17
5.08 3.80 25.97
4.47 4.45 22.49
4.57 3.70 24.48
4.73 3.93 24.31
4.97 3.55 24.95
4.58 3.89 24.54
4.66 4.11 25.00
4.78 3.72 26.64
4.88 3.72 26.93
5.27 3.83 27.68
5.33 3.61 27.27
4.21 3.05 23.70
5.85 2.60 28.42
5.45 2.25 27.91
6.14 1.94 29.66
6.88 1.96 34.06
6.58 1.73 33.35
5.73 1.39 28.38
4.56 2.45 23.81
5.78 1.29 30.30
7.03 2.13 32.60
6.82 2.20 34.58
5.04 2.49 27.68
6.04 1.80 32.79
4.48 2.33 21.89
6.37 1.73 30.27
6.44 1.94 31.97
5.51 1.96 28.62
5.81 2.13 31.17
7.01 2.33 32.86
6.63 2.67 31.88
7.69 2.62 35.27
7.03 2.44 36.05
7.45 1.96 36.21
6.23 1.83 31.63
7.16 3.00 34.13
7.46 2.29 38.63
6.73 1.63 35.92
5.88 1.37 30.18
6.90 2.31 32.19
6.99 1.67 33.45
6.33 1.87 29.62
7.50 2.61 33.47
6.87 1.90 30.51
6.88 2.01 30.97
6.65 1.66 32.80
6.34 1.36 32.59
6.56 1.73 30.43
5.69 1.50 30.91
6.35 2.47 32.72
4.75 3.30 24.65
4.70 2.94 27.47
7.74 2.38 36.19
7.01 1.93 32.59
6.41 1.89 28.39
8.50 3.24 36.06
6.98 2.43 38.66
8.52 3.32 40.54
7.39 2.27 39.24
5.02 2.03 28.47
6.20 1.71 33.54
6.31 1.82 33.16
6.03 1.44 30.70
5.76 1.61 29.39
7.53 2.22 35.38
6.34 1.72 32.13
5.92 1.53 31.12
8.15 2.74 41.09
6.95 1.62 35.70
5.73 1.46 28.32
5.68 1.95 27.73
5.34 1.53 28.64
6.50 1.43 30.33
6.50 1.73 33.58
6.37 1.47 31.80
7.66 2.38 40.39
5.67 1.90 29.49
6.05 1.94 31.59
6.10 2.07 32.20
6.91 2.06 32.57
7.85 2.88 35.54
5.66 2.08 28.36
5.92 2.23 28.23
5.63 2.04 26.68
7.09 2.05 31.70
6.82 1.91 33.88
5.57 1.94 28.23
5.97 1.04 33.03
6.88 1.35 30.81
5.93 1.25 29.11
5.49 2.95 22.83
6.12 1.88 25.11
6.10 1.35 29.80
5.48 1.44 22.88
5.34 1.84 23.38
5.03 1.81 18.77
4.91 3.22 22.16
4.86 3.08 20.50
4.59 2.81 24.25
4.77 3.47 25.76
5.03 2.90 26.30
4.66 3.05 23.17
4.21 2.72 22.06
3.94 3.25 17.56
4.60 2.84 19.73
4.01 3.76 17.11
4.58 3.44 22.34
4.36 3.25 22.41
3.69 3.71 17.77
4.69 3.48 19.07
3.57 3.75 15.65
5.64 3.94 29.90
4.56 3.32 18.70
4.13 3.59 16.20
4.33 4.17 17.49
4.26 3.68 17.71
4.36 3.56 19.99
5.16 3.39 18.46
4.92 3.61 19.99
4.31 3.75 16.68
4.69 3.42 16.52
4.66 4.00 17.20
5.29 3.12 20.20
5.38 3.59 22.34
4.28 3.24 18.30
5.65 3.63 22.08
4.48 3.89 18.12
3.59 4.81 16.15
5.12 4.08 21.24
4.98 3.54 17.89
4.56 3.89 18.33
4.27 3.81 17.64
5.22 3.54 21.01
4.47 4.54 17.25
4.84 4.02 17.80
4.20 4.57 19.90
3.91 3.93 17.76
4.73 4.34 19.84
4.06 5.03 16.86
4.40 3.53 15.65
3.79 5.99 17.96
4.40 6.03 17.98
3.10 6.43 16.49
3.98 6.86 22.23
3.32 5.80 14.73
3.98 4.19 20.54
4.82 3.39 20.73
3.88 4.46 17.97
4.77 3.64 22.99
4.46 4.00 23.20
4.49 3.72 17.57
4.35 3.54 20.61
3.73 3.79 18.91
4.66 5.24 22.37
5.19 4.78 22.17
4.98 3.81 19.19
3.68 5.16 14.90
3.86 4.45 18.71
3.76 4.05 16.39
4.41 3.59 21.29
4.62 3.55 24.07
4.50 3.61 20.13
4.38 3.85 19.43
4.72 4.21 21.38
5.42 3.80 23.51
4.20 4.17 15.19
3.44 4.75 15.72
4.11 4.49 22.66
3.48 4.65 17.61
3.78 4.67 18.44
3.78 4.04 19.67
4.05 4.46 21.85
3.96 4.25 17.42
4.12 4.16 18.74
4.62 4.57 16.69
4.06 4.40 15.95
4.51 3.83 21.04
4.90 3.40 21.89
3.74 4.12 18.64
3.69 4.22 19.28
4.12 4.23 21.30
3.58 3.97 20.15
3.91 3.98 17.63
4.37 3.85 21.24
4.06 3.52 18.94
4.02 4.35 17.82
3.62 4.32 12.82
4.70 3.21 21.13
3.68 4.42 15.51
3.92 4.41 17.84
3.04 5.18 9.01
3.20 5.01 6.51
4.06 4.43 15.87
4.08 4.03 18.99
4.31 3.52 21.38
3.72 4.71 15.44
3.90 4.64 11.52
4.47 4.24 17.67
3.71 4.78 14.45
3.72 4.01 13.31
3.92 4.47 9.50
3.28 5.19 9.17
4.48 3.88 19.66
3.63 4.51 13.32
3.73 5.41 5.99
4.05 4.51 12.39
3.64 4.61 10.86
3.46 4.83 10.28
4.04 4.39 12.38
4.94 4.08 17.28
4.60 3.63 21.16
4.27 3.94 19.03
4.97 3.46 18.24
4.18 3.82 17.67
4.73 3.35 18.66
4.81 3.33 19.93
3.48 4.97 8.38
3.82 4.72 15.49
3.86 4.52 14.34
3.90 5.20 12.18
3.48 4.90 9.33
3.42 5.25 11.14
3.44 5.28 5.82
3.86 5.06 12.05
4.45 5.50 3.32
3.38 5.62 8.88
4.17 5.16 12.69
3.91 5.03 6.88
4.45 5.32 10.74
3.93 4.39 13.52
4.31 4.98 13.96
3.84 5.08 9.73
4.08 5.04 6.39
4.04 5.87 7.86
3.80 6.09 5.42
4.28 5.37 8.59
3.94 5.91 9.11
4.36 4.77 13.69
4.35 4.52 14.49
4.00 5.90 8.78
4.36 4.75 14.42
4.29 5.18 14.44
4.24 4.61 19.41
4.38 4.24 16.84
4.26 4.17 18.75
4.19 4.70 13.30
3.68 5.11 11.13
4.46 4.26 18.88
3.80 4.81 14.24
3.96 4.36 16.41
4.18 4.65 14.09
3.90 4.23 14.48
3.45 5.13 12.81
3.63 4.79 17.02
4.45 3.80 18.59
3.45 3.95 16.18
4.04 3.63 17.38
3.83 4.36 15.76
3.82 4.61 18.31
4.10 3.96 16.74
4.32 3.90 19.87
4.82 4.29 20.03
3.91 4.74 14.46
3.52 4.83 17.65
3.55 4.82 14.78
4.17 4.02 17.79
3.94 3.91 16.02
3.95 4.14 14.51
3.82 4.03 15.88
4.18 3.35 16.47
3.34 4.32 14.09
4.26 3.28 17.65
3.04 4.83 11.84
4.19 4.06 15.01
3.78 4.59 15.21
4.20 4.55 15.70
4.27 4.00 18.76
4.21 3.87 15.89
3.47 4.11 12.09
4.49 3.59 19.44
3.61 3.94 15.31
4.35 3.94 17.65
4.24 3.99 19.36
4.79 3.23 21.67
4.47 3.81 17.69
4.17 3.62 17.94
4.52 3.47 19.94
3.71 4.06 18.74
4.61 3.53 19.21
4.76 3.61 19.28
4.56 3.70 19.22
3.55 3.66 13.93
6.11 3.26 23.57
5.69 2.80 22.54
4.70 3.43 19.27
4.88 3.88 22.04
4.70 3.72 17.14
4.21 3.96 15.83
4.40 3.55 18.01
4.34 4.00 17.80
4.19 3.95 18.91
4.13 3.88 15.91
4.34 3.88 15.15
4.60 4.00 17.61
5.12 3.44 21.71
4.31 4.07 17.30
4.80 3.87 19.83
4.14 3.79 13.91
3.65 4.70 14.73
4.16 4.09 14.68
4.00 4.17 17.34
3.77 4.46 15.82
3.71 4.98 10.41
3.67 4.50 13.47
4.60 4.46 18.62
4.55 3.70 17.00
4.54 4.17 18.89
3.42 4.88 10.37
4.15 4.20 16.07
4.07 4.06 16.41
3.61 4.00 16.88
3.53 4.84 14.23
3.85 4.26 17.53
3.94 4.25 15.26
4.48 3.68 16.45
3.44 4.57 13.86
4.15 3.87 14.99
4.78 4.22 20.02
3.40 3.97 15.58
4.10 4.73 13.00
4.25 3.73 18.06
4.22 4.34 14.11
4.00 4.06 15.62
4.36 3.54 14.60
3.54 4.39 16.96
3.43 4.77 8.85
4.20 3.38 19.59
4.19 4.04 14.76
3.94 3.75 15.71
3.71 4.10 16.14
3.74 3.84 16.57
4.31 3.70 15.28
4.60 3.43 20.65
4.34 3.41 17.15
3.68 4.41 15.97
3.94 4.01 13.59
4.11 3.82 16.19
3.53 4.67 10.79
3.80 3.96 11.44
3.82 3.47 16.35
3.88 4.27 18.65
4.57 3.82 18.37
3.86 4.71 12.01
4.27 3.60 14.68
3.72 4.28 17.52
4.43 4.94 19.42
3.93 4.44 22.27
4.07 4.18 21.28
3.91 4.06 20.71
3.77 4.65 21.79
3.43 4.64 17.59
4.59 4.12 24.40
4.78 4.38 24.51
4.64 4.29 24.82
4.27 4.18 24.27
4.65 3.75 24.38
4.56 4.07 22.11
4.41 4.23 23.56
4.85 3.78 25.16
5.00 4.07 24.33
4.81 3.92 23.45
4.67 3.82 24.61
4.95 3.60 24.93
4.90 4.43 24.49
4.74 4.64 23.25
4.73 3.43 21.13
5.20 3.99 23.94
5.35 4.48 26.46
4.05 5.11 22.46
4.38 4.83 20.58
5.02 3.56 26.20
5.49 4.11 26.63
4.77 3.86 22.60
5.20 3.86 23.09
5.50 3.50 25.32
4.70 4.33 23.63
4.18 4.43 21.92
4.66 4.20 24.14
4.26 4.09 22.09
4.17 4.11 22.20
4.26 5.15 25.61
4.58 4.05 26.01
4.81 3.67 25.07
4.73 4.48 27.01
4.73 4.40 24.52
3.89 4.29 19.07
3.95 4.24 21.34
3.53 4.19 19.25
3.59 4.84 20.40
3.95 5.12 24.14
4.82 4.08 26.40
4.66 4.69 22.77
4.84 4.75 28.16
5.07 4.20 24.51
4.54 4.67 20.83
4.41 4.90 22.58
4.96 4.10 25.77
5.14 4.19 23.40
4.82 4.55 23.07
4.96 4.27 22.85
4.76 4.37 23.62
4.70 4.31 22.69
5.09 4.00 24.36
5.09 4.17 28.48
4.62 4.51 22.18
5.30 4.49 25.52
4.89 4.41 22.53
4.73 4.47 24.85
4.74 4.27 21.83
4.63 3.54 21.78
4.10 3.93 20.42
4.57 4.74 22.68
4.45 3.72 21.24
4.35 4.01 19.16
4.34 4.07 21.84
4.82 4.61 24.51
4.40 4.44 24.36
4.20 4.49 17.47
4.46 4.52 17.84
5.34 4.79 23.45
4.75 4.37 17.44
4.18 4.10 18.95
5.09 3.63 24.44
5.00 4.48 24.02
5.40 4.26 21.67
4.44 4.38 22.83
3.99 4.57 14.68
4.83 4.05 17.67
5.61 4.32 26.26
4.47 3.84 18.77
4.32 4.25 23.12
4.83 4.28 21.91
4.59 3.82 17.97
4.47 3.45 18.75
4.80 3.54 18.36
4.94 3.89 18.40
4.79 3.43 16.77
5.01 2.99 20.55
4.75 3.31 23.33
4.69 3.52 20.01
5.51 3.41 22.12
5.25 3.30 22.38
4.77 4.20 21.02
5.42 3.93 25.54
3.77 5.34 13.94
4.37 4.47 14.20
4.31 4.28 18.50
5.11 4.43 23.70
4.88 4.20 23.14
4.65 4.78 21.62
4.80 4.38 18.35
5.00 5.62 27.23
5.68 5.16 27.30
4.50 4.80 21.69
4.54 4.62 24.60
5.07 4.68 24.98
4.56 4.68 20.05
4.05 5.14 17.41
4.81 4.14 13.05
4.35 4.68 16.89
3.36 5.10 12.29
4.50 4.12 15.84
3.60 4.52 9.07
4.12 4.89 13.73
4.05 4.24 14.50
4.36 5.36 11.86
4.52 4.05 12.54
4.54 4.80 20.10
5.42 4.69 22.71
4.53 4.81 21.69
4.99 5.09 23.08
4.48 4.27 20.15
3.98 4.53 14.98
3.54 5.32 16.89
4.59 4.38 18.20
3.85 4.76 16.88
4.07 4.62 17.16
4.38 4.52 17.56
4.53 4.56 20.34
5.36 4.49 23.72
5.27 4.75 28.17
4.44 4.81 21.80
4.85 4.56 24.18
4.34 5.42 23.57
4.93 3.71 22.86
4.89 3.54 19.55
3.44 4.96 16.00
5.21 3.96 22.60
3.82 4.77 20.36
3.94 4.00 17.80
4.80 3.82 17.43
4.22 3.97 19.50
4.22 3.88 15.93
4.48 4.28 16.96
4.61 5.11 21.63
5.06 4.91 25.63
5.22 3.84 25.20
4.84 4.14 21.23
5.62 5.73 28.21
5.47 6.18 26.93
4.81 3.62 24.07
4.21 4.25 16.85
4.60 4.42 23.72
5.15 5.83 28.07
3.79 5.34 18.75
4.87 4.21 23.44
4.23 4.38 21.47
4.39 5.35 20.75
5.17 4.41 25.98
5.03 5.17 25.64
4.77 4.60 23.82
4.40 5.32 21.67
5.47 4.25 26.77
4.56 4.57 22.24
5.02 3.83 22.62
4.94 4.34 24.14
4.76 4.91 24.45
4.88 4.66 22.77
4.06 3.91 21.23
4.96 4.04 21.52
4.55 4.38 22.44
5.44 3.33 23.59
5.15 4.05 24.93
5.09 3.98 21.68
4.79 3.46 24.46
4.71 3.99 21.87
5.42 3.43 25.08
4.64 5.03 24.63
4.87 4.34 25.38
4.16 4.64 21.87
5.03 5.19 25.32
4.96 4.25 25.44
4.29 5.36 23.22
4.61 5.13 21.37
4.62 4.28 23.62
3.90 4.68 21.40
4.84 4.22 22.81
4.48 4.80 23.79
4.40 4.83 24.27
4.86 3.77 22.97
4.60 5.18 23.76
3.97 4.87 20.85
4.40 4.89 21.31
4.54 4.56 24.10
4.82 4.12 25.77
5.27 4.59 28.45
5.05 3.82 23.05
4.44 4.42 21.62
4.73 4.55 25.41
5.32 3.56 23.70
4.78 3.69 18.70
4.44 3.21 20.88
4.83 3.37 21.68
4.46 3.10 16.61
4.62 3.50 19.74
4.54 3.49 16.96
4.67 3.70 19.63
5.16 3.15 21.77
4.50 3.64 15.55
4.58 3.13 15.99
4.57 3.73 19.13
4.18 3.30 17.87
4.39 3.45 17.20
5.23 3.20 22.03
4.12 3.93 13.90
4.44 3.24 17.52
4.11 3.89 15.24
4.00 3.95 16.86
4.47 4.14 15.38
3.17 4.69 14.01
5.09 2.74 21.39
4.66 3.25 20.26
3.13 4.65 11.68
4.20 3.97 16.36
4.20 3.91 13.51
4.35 3.54 20.21
3.99 3.89 16.67
4.06 4.10 15.83
4.47 3.72 18.99
3.43 5.21 7.80
3.55 4.69 8.17
4.63 3.80 15.70
3.71 4.33 12.49
4.11 3.33 15.66
3.91 4.22 11.78
4.20 3.81 14.96
4.76 3.18 19.56
4.85 3.49 16.85
3.10 4.65 8.80
3.90 4.21 12.08
4.07 3.59 14.14
4.48 3.88 13.39
3.47 4.42 7.67
3.57 4.11 9.32
3.32 4.18 13.46
4.08 3.68 14.94
4.37 4.06 11.32
3.92 3.51 14.64
4.51 3.25 19.72
3.84 3.95 15.85
4.54 3.69 19.33
4.05 3.72 17.23
3.65 4.90 14.78
4.04 3.91 15.49
3.60 3.56 16.07
3.24 4.97 8.79
3.91 3.91 14.07
4.12 3.64 17.57
5.40 3.03 21.08
3.92 3.93 14.78
4.48 3.48 17.56
3.92 3.94 16.86
4.33 3.52 16.99
5.25 3.15 15.47
5.28 3.06 18.63
4.37 3.75 19.33
4.75 3.25 17.54
4.58 3.49 15.82
4.08 3.68 11.50
4.01 3.95 10.51
3.77 4.25 12.84
4.63 3.28 16.87
5.73 2.88 22.33
5.09 3.20 20.28
4.77 2.91 23.22
5.96 2.34 24.58
4.35 3.56 10.91
5.33 3.57 16.86
3.98 4.23 9.15
3.87 4.39 9.55
4.38 3.76 14.77
4.14 3.89 11.17
4.87 3.06 17.53
4.44 3.28 15.58
3.69 4.21 9.87
5.00 2.97 19.45
5.50 3.23 15.43
6.08 2.59 22.96
5.19 2.79 19.70
5.86 2.68 24.77
5.56 2.50 22.58
4.75 3.01 16.21
5.78 2.79 22.89
6.35 2.47 26.14
5.03 2.88 18.37
5.17 3.60 16.55
4.81 2.69 19.11
4.14 3.48 18.02
5.53 2.85 20.03
5.21 2.71 17.47
4.81 3.13 17.02
5.08 2.94 17.31
4.37 3.29 18.90
4.53 2.96 17.22
4.58 2.70 16.80
5.14 2.63 18.96
4.72 2.96 19.68
4.95 2.93 14.29
5.40 2.21 20.06
4.02 3.25 14.85
4.83 3.06 17.55
5.42 2.39 21.30
5.22 2.82 20.92
4.98 2.83 22.63
5.00 2.76 19.24
4.39 4.06 16.04
4.01 4.34 16.05
3.53 4.05 13.78
4.35 3.24 17.61
4.20 3.71 16.98
4.63 3.34 16.60
3.93 4.32 15.22
4.56 4.18 21.33
4.23 3.78 14.19
3.70 3.86 16.84
3.97 4.93 15.64
3.93 3.93 13.26
4.74 3.07 17.60
4.12 3.94 10.45
3.96 3.84 14.17
4.20 3.61 15.85
4.14 3.80 17.62
3.95 3.65 17.70
4.49 3.90 16.54
4.74 3.83 19.06
4.73 3.48 20.08
4.36 3.77 14.98
4.19 4.43 17.30
4.55 3.63 19.64
4.81 3.78 21.44
4.19 3.75 13.63
4.68 3.90 19.96
4.79 3.28 18.62
4.61 3.60 19.55
4.61 3.65 17.40
4.86 3.22 19.51
4.02 3.80 15.55
4.01 4.36 15.02
3.84 4.39 16.37
3.82 4.03 19.06
4.21 3.73 20.30
3.85 4.08 17.75
5.10 3.40 23.64
3.82 4.13 18.54
4.70 3.47 21.26
3.52 4.33 14.58
3.98 4.28 19.79
4.21 4.14 19.84
3.72 4.10 18.19
3.93 4.16 20.00
4.19 4.31 21.72
3.62 4.83 14.80
2.79 4.38 12.11
4.02 3.20 16.79
4.47 2.82 19.19
4.14 3.92 11.25
3.98 3.62 13.30
3.59 3.89 11.92
4.61 3.07 18.60
4.98 3.08 19.25
4.41 2.99 16.32
4.46 3.75 18.43
4.69 2.74 22.13
4.38 3.41 18.30
3.73 3.77 17.08
4.98 2.68 24.04
3.80 3.72 18.45
4.20 4.03 19.33
4.29 2.91 20.19
4.81 3.10 20.47
4.35 3.52 17.54
4.97 2.56 23.50
4.11 3.48 17.53
4.89 2.87 23.70
5.03 2.77 21.83
4.44 2.77 21.83
5.04 2.97 22.34
5.68 2.26 29.65
3.60 3.52 16.67
4.23 3.28 19.22
4.77 3.26 22.22
4.42 3.37 18.34
4.99 2.70 23.70
4.98 2.88 23.54
4.31 3.44 13.61
4.22 3.41 13.82
5.02 2.58 18.20
3.71 4.22 13.99
4.70 2.88 17.94
4.37 3.40 12.37
4.48 2.91 14.36
4.72 2.91 16.72
4.40 3.12 19.95
4.10 2.96 16.39
4.57 2.73 17.88
4.21 3.05 17.98
5.06 2.94 20.01
4.81 2.58 20.62
4.67 3.09 16.94
4.49 2.72 17.83
5.03 2.75 20.00
4.12 3.26 13.04
3.61 3.85 15.93
4.57 2.82 18.30
4.70 2.92 18.90
4.14 2.84 16.73
4.34 2.93 16.22
6.16 2.44 23.28
4.84 3.33 19.06
6.30 2.68 22.92
5.19 2.95 24.20
3.83 3.88 15.23
3.80 4.15 15.42
4.73 3.08 19.03
4.77 3.52 20.96
5.34 2.92 21.90
4.58 3.14 18.70
4.48 3.66 17.69
5.16 2.94 23.06
5.18 3.29 18.00
4.22 3.28 19.67
4.33 3.27 18.81
4.82 3.11 17.64
5.00 2.81 21.70
4.87 2.80 20.94
4.42 3.17 19.85
4.28 3.88 17.49
4.14 3.47 19.32
4.57 3.79 18.15
5.48 2.55 25.32
4.98 2.88 19.40
4.79 2.74 23.04
4.65 3.14 19.97
4.38 3.95 16.88
4.61 3.00 20.10
4.62 3.02 20.55
5.07 2.95 20.53
5.30 2.73 22.49
4.30 3.42 18.75
4.57 3.38 21.51
4.41 2.96 18.67
4.58 3.28 18.06
4.56 3.72 16.21
3.50 3.94 15.03
5.21 3.19 20.23
4.98 3.28 21.28
4.99 2.76 22.47
4.23 3.77 17.01
4.22 3.55 17.46
4.15 3.28 15.23
3.51 3.86 14.14
4.97 2.98 17.66
5.62 2.42 23.02
4.56 3.02 20.62
4.61 3.32 17.01
4.17 3.94 16.15
3.95 3.70 15.72
4.10 4.75 16.75
4.40 2.97 20.28
4.66 2.72 23.32
4.18 3.44 18.32
4.26 3.08 19.12
4.21 3.09 21.83
4.17 3.02 18.83
4.76 2.73 19.63
4.74 2.76 23.01
3.75 3.94 18.59
5.17 2.68 22.51
3.48 4.20 17.08
4.01 4.01 17.81
3.87 4.28 19.67
3.10 4.41 13.71
4.15 3.76 19.61
4.17 3.77 18.97
4.18 3.54 17.38
3.82 3.78 19.48
3.93 3.87 17.18
4.04 4.03 21.04
3.55 4.57 17.62
3.58 5.26 10.24
4.82 4.08 22.28
5.70 3.96 25.94
5.36 4.14 29.41
4.73 4.53 24.18
4.92 4.70 28.41
4.80 4.64 27.74
5.35 3.99 27.49
5.03 3.96 27.19
5.04 4.31 27.28
4.70 3.85 22.41
5.48 4.66 30.13
5.74 4.10 28.34
5.56 4.48 27.29
5.26 4.51 26.85
5.39 4.55 29.38
5.16 4.53 26.47
5.11 4.60 26.32
5.70 4.50 30.02
5.49 4.22 27.46
5.67 4.27 29.92
5.68 4.36 30.22
5.43 4.59 29.57
5.29 4.33 29.53
4.99 4.91 28.86
5.34 4.89 29.71
5.04 4.73 28.13
5.03 4.83 29.87
5.55 4.66 29.71
5.53 4.56 30.34
5.11 4.20 28.93
5.73 3.87 29.92
4.98 4.20 27.84
4.69 4.45 26.55
6.09 4.03 28.71
5.71 3.93 29.81
5.36 4.03 28.17
5.17 4.18 27.61
5.49 4.44 27.80
5.83 3.96 27.05
5.76 4.27 28.47
5.31 4.14 26.76
5.69 4.14 27.89
5.72 3.77 28.02
6.01 4.09 31.12
5.66 4.02 30.74
5.79 3.93 28.83
5.71 4.27 28.34
5.49 4.02 28.86
6.12 3.63 29.95
5.74 3.77 29.53
5.77 3.99 29.91
5.61 3.96 28.85
5.57 4.09 28.83
5.95 3.61 30.69
5.44 4.01 27.31
5.50 3.82 30.32
4.39 4.05 20.98
5.73 3.86 30.04
5.04 4.54 30.05
4.94 4.55 29.30
4.79 4.60 27.23
5.09 4.53 30.20
4.91 4.58 29.22
5.23 3.63 28.80
4.99 4.12 30.56
5.03 4.31 31.59
5.73 3.94 33.09
5.49 4.43 32.37
5.03 4.20 27.98
5.54 3.79 30.40
5.70 3.94 31.51
5.20 4.18 28.88
4.81 4.66 26.00
4.64 4.36 27.12
4.64 4.43 27.19
5.48 4.38 26.44
5.45 3.88 30.38
4.88 4.04 27.31
4.91 4.59 27.29
5.18 4.44 27.27
4.69 4.20 23.97
5.11 4.16 27.29
4.66 4.18 27.05
4.91 4.08 27.31
5.43 3.92 29.00
5.25 3.93 26.52
6.11 3.88 31.86
5.46 3.74 28.72
5.33 4.22 27.97
4.92 4.50 25.79
5.41 4.42 29.65
4.86 4.78 27.17
5.47 3.96 28.33
5.37 3.96 30.28
5.61 4.12 31.29
5.02 4.25 29.74
5.11 4.39 29.30
5.25 3.73 28.25
5.23 3.71 28.61
5.13 4.04 28.37
5.52 3.78 30.87
5.73 3.71 32.36
4.88 4.11 26.48
4.70 4.50 28.37
4.74 4.39 26.03
4.87 4.46 27.51
4.85 4.59 26.48
5.11 4.15 26.77
5.87 3.62 31.25
5.68 4.24 30.43
5.51 4.30 29.20
5.56 4.08 27.75
5.73 4.47 29.45
5.64 4.21 31.16
5.99 4.02 30.53
5.78 4.39 28.32
6.18 4.04 28.87
5.45 4.35 28.03
6.26 4.00 31.04
5.11 4.24 30.35
5.18 4.17 29.85
4.73 4.22 27.05
4.94 4.11 26.85
5.13 4.14 28.65
5.21 3.99 30.87
5.08 4.27 28.94
4.95 4.81 27.40
5.03 4.47 27.76
4.98 4.26 28.87
5.63 3.69 31.22
5.33 4.01 29.15
5.09 3.91 27.71
5.18 3.79 29.15
5.37 3.89 31.93
5.58 3.74 31.92
5.80 4.03 30.77
5.82 3.69 28.37
5.56 4.38 33.06
5.88 3.78 32.92
5.54 3.78 32.31
5.36 3.99 30.58
5.35 3.93 29.51
5.83 3.61 34.89
5.33 3.82 32.30
5.58 3.94 31.90
5.34 3.82 30.75
5.37 3.90 30.50
5.54 4.12 29.76
5.10 4.43 29.75
5.55 3.81 30.51
5.86 3.96 34.25
5.90 3.69 33.74
5.24 3.92 30.93
5.46 3.89 30.90
5.50 3.77 29.43
5.83 3.70 33.82
5.28 3.74 30.72
5.33 3.70 28.95
6.11 3.62 33.90
5.57 3.73 31.01
5.82 3.71 29.69
5.47 3.74 29.97
5.50 3.79 31.73
5.06 4.18 28.44
5.27 4.05 30.12
5.11 4.32 28.69
5.08 4.46 26.08
5.66 4.04 28.79
5.47 3.79 30.03
6.06 3.94 31.81
4.71 4.79 25.72
5.09 3.99 29.71
4.98 4.82 29.78
4.55 4.78 27.24
5.11 4.30 29.77
5.10 4.31 29.73
5.10 4.54 30.69
5.46 4.16 27.17
5.13 4.05 25.15
5.31 3.99 28.84
4.49 4.90 23.72
5.14 4.34 28.51
4.73 4.57 28.20
6.05 4.38 33.70
5.80 4.28 31.61
5.44 4.29 27.76
5.77 4.22 31.17
5.39 4.25 33.29
5.65 4.15 31.54
5.27 4.79 32.58
5.19 4.37 29.35
5.34 4.27 31.10
5.84 4.41 31.82
5.37 4.33 32.15
5.19 4.73 30.91
5.42 4.53 29.96
