6.64 0.84 32.99
6.73 1.26 35.84
5.23 1.75 28.38
6.30 1.42 36.73
5.56 1.24 30.57
5.91 1.15 33.43
6.32 1.30 33.67
6.74 1.11 37.37
7.07 1.43 36.09
7.46 1.66 40.32
5.62 1.58 32.89
7.27 1.98 35.13
5.35 1.30 27.46
5.27 1.14 23.73
6.48 1.00 31.33
5.40 0.97 26.97
5.73 0.91 26.56
6.32 0.93 29.29
5.82 0.96 27.85
5.42 1.33 23.18
4.55 2.21 23.98
5.15 1.53 27.27
6.01 1.39 29.46
5.21 1.99 23.55
5.34 1.86 25.71
6.18 1.40 29.33
5.21 1.54 24.18
5.46 1.54 25.44
5.24 1.57 23.30
6.49 1.15 30.80
5.80 1.97 26.79
6.41 2.15 30.51
6.61 1.27 33.84
5.95 1.33 31.52
4.51 2.46 23.25
5.07 1.83 25.87
5.31 1.34 25.39
5.46 1.58 25.46
5.72 1.02 27.75
4.74 1.87 24.40
5.98 0.96 29.41
6.61 1.12 33.36
5.83 1.49 31.46
6.06 1.74 28.38
6.32 2.44 28.75
5.44 2.18 24.83
5.54 1.52 27.60
6.79 1.25 34.64
6.69 1.30 35.30
6.83 1.58 34.12
7.73 2.39 39.29
7.63 2.01 35.38
7.59 2.26 37.13
6.43 1.02 29.48
6.22 0.92 30.55
5.87 0.96 29.69
6.48 1.23 32.11
7.83 1.99 40.40
6.99 1.37 35.23
6.65 1.22 35.90
6.69 1.26 34.93
6.27 1.35 32.17
6.85 1.33 37.00
6.91 1.22 36.31
7.28 1.63 40.73
7.05 1.38 38.35
7.31 1.71 41.50
6.32 0.86 32.28
6.46 0.84 33.87
6.55 1.18 36.20
7.20 1.85 36.23
6.42 1.00 35.17
8.08 2.25 43.60
6.93 1.31 36.68
6.02 1.48 31.05
7.08 1.35 38.67
6.73 1.34 39.10
6.88 1.62 38.49
6.68 1.38 37.45
7.12 1.58 38.42
5.96 1.08 32.80
6.73 1.50 36.00
6.87 1.19 36.41
6.14 1.02 32.36
6.24 1.34 33.79
7.80 2.06 41.99
7.24 1.87 38.80
6.82 1.44 37.34
6.36 1.03 35.80
6.71 1.03 34.51
6.31 0.80 32.17
7.39 1.76 40.79
6.64 1.19 37.19
6.41 0.80 32.74
6.10 0.96 32.23
5.76 1.31 30.61
6.00 1.60 32.51
5.74 1.37 32.36
5.55 1.10 29.04
6.49 1.47 32.35
5.00 1.66 24.49
6.08 1.22 30.31
5.52 1.35 29.78
6.13 1.00 33.09
5.86 1.42 28.13
6.63 1.58 33.79
7.08 1.36 37.67
6.20 0.98 32.25
6.70 1.24 35.24
5.47 1.40 33.16
5.78 1.22 32.11
6.04 1.08 34.01
6.68 1.22 36.37
6.83 1.26 38.39
6.58 1.19 35.84
6.39 1.08 36.53
5.43 1.73 29.52
6.43 1.19 33.32
6.64 1.03 32.81
6.89 1.51 32.31
5.81 1.09 29.60
6.60 1.12 34.93
6.88 1.23 34.89
6.44 0.91 33.75
5.08 1.53 30.51
6.48 1.08 31.60
6.15 1.23 32.59
6.29 1.34 30.71
5.50 1.34 32.63
6.88 1.60 36.43
6.62 1.17 34.54
6.14 1.17 33.64
5.94 1.19 30.64
6.02 1.26 30.11
7.31 1.62 35.74
6.38 1.56 34.15
6.86 1.64 39.67
7.21 2.03 36.03
7.62 2.30 39.18
6.48 1.23 32.19
7.28 1.92 34.01
6.87 1.51 34.21
6.25 1.32 32.57
6.37 1.40 31.31
5.99 1.45 31.89
5.54 1.42 29.61
5.51 1.46 30.48
5.24 1.59 27.34
5.28 2.28 28.25
5.49 1.91 30.82
6.40 1.02 35.85
5.82 1.22 32.65
5.85 1.20 33.18
5.35 1.55 29.78
5.24 1.55 29.57
6.73 1.46 37.00
5.67 0.90 29.49
5.92 1.18 33.52
6.16 1.26 35.28
5.97 1.19 31.60
5.91 0.96 32.08
6.35 1.03 31.89
5.96 1.07 32.26
5.66 1.14 32.23
6.52 1.43 38.51
5.97 1.29 34.39
6.87 1.47 38.64
6.64 1.20 38.36
6.09 1.42 32.16
6.69 1.56 36.64
5.93 1.35 34.81
5.85 1.40 33.23
6.20 1.15 35.52
6.23 1.05 34.41
5.93 1.14 32.24
5.66 1.20 31.86
5.30 1.46 30.65
6.23 0.97 31.18
6.52 1.17 31.21
7.03 1.42 34.08
5.54 1.13 28.22
7.51 1.78 35.50
6.24 1.13 31.21
6.73 1.17 33.27
6.01 1.15 29.97
5.68 1.17 29.12
6.18 1.20 32.67
5.72 1.42 33.76
6.22 0.99 32.28
6.61 1.26 36.77
5.93 0.76 27.81
5.79 0.70 30.93
5.91 0.96 32.74
5.64 1.37 34.06
7.02 1.39 37.08
7.43 1.82 42.06
6.03 0.89 32.71
6.51 1.35 32.52
6.46 1.05 37.09
6.33 1.37 27.56
6.03 1.67 26.57
4.58 2.44 19.45
5.26 2.40 27.40
5.04 2.15 22.31
6.34 2.09 29.11
4.60 3.03 23.66
5.24 2.93 22.17
5.44 3.05 22.69
5.97 2.31 25.91
7.18 1.80 30.22
5.60 1.97 24.31
6.78 2.94 26.30
5.36 2.62 22.57
6.22 2.41 26.22
6.56 2.51 28.59
6.47 3.32 26.14
5.23 1.65 22.63
6.02 1.56 26.16
5.74 2.15 27.86
5.90 1.66 24.35
3.34 3.83 16.00
3.43 3.59 16.73
3.55 3.75 18.47
3.59 3.17 18.46
5.01 3.02 21.75
6.48 1.67 31.34
5.55 2.57 25.21
4.06 3.43 20.52
4.23 2.97 20.81
3.99 3.15 21.25
5.11 2.40 22.58
5.97 1.75 29.72
4.93 2.65 22.57
5.98 1.67 27.12
5.98 1.78 34.21
6.24 1.02 33.22
7.42 2.25 36.76
5.98 1.03 33.40
6.99 1.60 37.88
7.12 1.48 39.20
7.43 1.85 40.92
7.41 1.79 41.38
7.66 1.90 41.26
6.74 1.38 32.58
8.00 2.13 42.27
7.88 2.25 37.68
6.83 1.52 32.09
7.34 1.79 36.26
6.54 1.46 32.90
7.11 1.58 37.57
7.67 2.09 40.57
7.20 1.73 36.82
7.43 2.05 37.84
6.56 1.46 34.22
5.71 2.12 32.13
6.01 1.95 28.55
5.98 1.37 30.11
7.59 2.27 34.49
6.95 1.53 32.14
6.72 2.33 28.16
7.13 2.80 30.35
6.96 1.66 33.41
7.02 2.15 31.66
6.31 1.29 34.98
7.19 1.58 39.32
6.68 1.39 35.25
4.14 3.79 19.07
4.07 3.64 20.71
6.55 2.20 28.42
7.05 1.88 32.70
6.67 1.93 29.71
6.85 2.06 29.85
5.64 1.81 26.48
6.89 1.96 30.56
6.18 2.14 26.70
6.15 1.72 30.02
6.89 1.57 36.92
5.81 1.34 31.98
5.76 1.37 30.69
6.03 1.07 31.27
6.57 1.73 37.42
6.28 1.78 33.67
5.31 1.58 31.96
5.82 1.36 31.24
5.81 1.54 31.55
5.79 1.45 29.27
4.99 1.93 28.58
5.34 2.03 28.40
5.01 2.49 25.78
5.56 2.10 29.47
6.40 2.68 30.33
3.80 2.99 18.58
5.66 2.76 27.77
4.55 2.89 24.22
5.88 2.92 25.40
4.81 3.03 22.43
4.93 2.74 24.11
4.25 3.53 25.88
5.04 2.98 24.80
5.61 2.56 32.99
5.06 3.20 28.77
4.88 3.25 28.37
4.30 3.96 30.08
4.42 4.16 28.80
5.14 3.43 32.63
5.42 3.57 33.79
4.30 4.78 26.54
4.26 3.74 26.94
4.30 3.80 25.38
4.52 3.29 26.39
5.60 2.58 32.18
3.95 4.44 25.37
3.89 4.36 21.91
4.79 3.27 26.13
4.75 3.90 25.16
4.59 3.92 24.24
4.43 4.29 22.62
4.51 4.19 24.66
3.95 4.29 20.54
4.63 3.60 22.94
4.68 4.47 24.86
4.52 3.39 23.75
4.43 3.84 22.40
4.41 3.69 25.89
5.04 3.30 28.06
4.48 3.31 26.15
4.72 3.36 24.87
5.12 3.33 28.21
5.06 2.99 29.49
5.26 3.10 30.09
5.52 2.92 29.74
5.31 3.41 28.80
5.69 2.81 30.26
5.72 3.03 32.55
5.32 3.38 30.31
5.05 3.38 28.41
6.20 2.89 34.19
4.73 3.55 28.36
5.36 3.50 27.27
5.45 3.01 30.74
5.20 3.36 29.81
4.66 3.69 27.24
5.75 2.83 33.28
5.31 2.80 31.50
6.24 2.58 31.98
6.50 3.09 30.37
4.46 3.72 23.77
4.61 4.00 25.71
5.55 2.30 28.10
5.08 3.34 26.27
5.09 3.14 24.84
5.65 2.63 29.85
3.51 4.41 16.33
5.75 3.34 29.95
5.20 3.04 28.67
5.62 2.74 30.13
4.90 3.41 29.36
6.08 2.57 31.12
6.51 2.94 34.91
4.77 3.27 24.20
4.53 3.44 25.97
5.09 3.14 27.91
4.33 3.54 21.78
4.56 3.46 25.65
4.08 4.01 23.64
4.62 4.24 27.41
4.10 4.52 22.13
4.64 3.42 27.92
4.36 3.91 24.67
4.49 3.94 25.50
4.55 3.63 26.71
4.40 3.65 26.69
3.81 4.71 22.13
4.43 3.49 23.81
4.09 4.47 21.41
4.52 3.73 26.32
5.02 3.41 28.92
5.37 3.27 29.31
4.21 4.52 25.56
4.11 4.16 23.18
4.43 4.12 21.38
4.65 3.58 23.48
4.14 4.03 20.00
4.97 3.90 24.67
4.82 3.62 26.42
4.96 3.50 29.68
4.45 3.34 24.40
4.57 3.83 25.30
4.58 3.45 24.95
5.52 2.80 28.90
5.50 2.00 27.50
6.73 2.82 30.77
6.72 2.58 33.93
6.94 2.09 37.58
6.77 2.76 33.25
6.37 2.58 32.42
5.83 2.72 31.64
5.35 2.89 28.87
5.22 2.57 28.98
4.73 3.32 26.88
5.63 3.35 28.53
4.88 3.45 25.95
4.61 3.49 26.03
5.27 2.65 27.79
5.38 2.85 28.49
5.12 3.24 29.87
6.17 2.70 31.25
5.55 3.29 30.65
5.53 3.09 29.46
4.95 3.52 25.80
5.07 3.20 28.79
5.08 3.23 29.30
4.99 3.55 24.19
5.79 2.93 29.49
5.44 2.69 27.18
4.64 4.05 22.64
5.16 3.17 28.38
5.96 3.03 29.66
5.54 2.94 27.02
5.14 3.83 25.38
6.15 2.98 29.18
6.78 2.61 36.26
4.94 3.36 29.19
4.91 2.99 28.36
4.86 2.99 26.23
5.42 2.69 32.88
4.72 3.75 26.48
5.16 2.68 26.35
5.01 2.90 27.30
3.80 3.74 22.30
4.47 3.54 25.37
4.38 3.49 24.05
5.74 2.96 31.17
5.28 3.04 29.55
4.80 2.96 25.75
4.74 3.61 26.80
4.95 3.72 26.47
5.13 3.78 26.38
5.17 3.19 29.45
4.38 3.14 24.63
4.17 3.81 22.34
4.68 3.13 25.45
5.31 3.35 29.07
4.74 3.38 27.96
5.02 3.15 28.68
5.45 2.72 30.71
5.41 2.36 28.22
5.94 2.78 30.94
4.84 3.04 28.52
5.04 2.69 27.83
4.67 3.29 25.47
4.04 3.52 22.92
4.92 3.18 26.75
5.07 2.61 28.76
4.11 3.55 22.34
4.21 3.37 24.42
5.46 2.66 29.96
5.63 2.40 31.42
4.83 2.81 25.59
5.08 2.72 29.87
5.49 2.61 30.58
4.40 3.14 22.10
5.32 2.59 28.55
5.26 2.90 30.84
5.33 3.05 28.16
5.47 2.48 28.68
5.57 2.73 29.16
5.53 2.80 28.96
5.54 3.22 28.20
5.36 3.30 26.06
4.69 3.55 24.66
5.06 3.40 24.12
5.01 3.11 27.03
4.10 3.86 24.20
5.54 2.87 27.71
4.74 3.35 23.93
4.37 3.69 23.37
5.58 3.02 25.84
5.03 3.37 25.75
5.33 2.68 27.65
4.88 3.05 24.15
5.69 2.46 29.30
4.94 2.68 27.88
5.38 2.83 28.62
4.90 3.27 26.98
5.08 3.33 25.06
4.90 3.22 25.93
4.37 4.07 23.81
5.33 2.90 28.78
5.00 2.97 25.58
4.81 3.87 22.88
5.44 2.91 27.35
6.38 2.85 28.62
6.65 2.83 32.06
6.69 2.58 34.31
6.83 2.44 34.08
6.94 2.94 33.44
7.05 2.82 34.27
7.52 3.19 35.60
7.06 3.19 33.85
6.01 2.95 29.73
6.25 3.02 31.95
6.80 3.18 35.02
5.70 3.09 31.04
6.38 2.74 34.19
6.45 2.70 32.38
6.68 2.81 35.13
6.22 2.75 33.75
5.75 3.32 30.49
5.39 3.24 26.97
5.35 3.72 24.82
4.74 3.62 23.48
5.32 3.06 26.87
5.54 3.24 30.46
4.62 3.99 25.13
5.22 3.26 26.68
4.38 3.97 23.80
5.22 3.29 25.33
4.86 3.46 24.43
5.05 3.79 27.05
5.44 3.53 29.20
4.99 3.98 27.14
5.70 3.13 27.67
5.47 3.41 26.48
6.10 3.23 31.62
5.99 2.98 30.48
4.32 4.50 21.15
5.68 3.27 29.20
5.93 2.99 33.10
6.93 2.70 34.57
5.75 3.00 32.10
5.75 2.99 29.35
5.81 2.67 31.34
6.42 2.41 33.76
5.99 2.64 31.48
6.20 2.78 32.92
5.26 3.42 23.58
5.92 2.94 30.69
5.10 3.03 25.86
6.19 2.72 34.85
5.33 3.11 28.44
5.52 2.85 30.32
6.64 3.00 33.29
6.22 2.47 31.33
6.33 2.64 31.00
6.24 2.95 29.73
6.84 2.30 36.18
5.72 2.61 30.17
4.71 3.82 27.41
5.59 3.22 33.92
5.08 3.47 31.50
5.31 3.05 30.08
4.62 3.57 29.03
4.38 3.76 25.95
6.19 2.86 36.28
6.35 1.78 32.84
7.27 2.20 41.53
7.88 2.49 37.43
7.60 2.17 37.20
8.28 2.75 40.30
7.57 2.13 37.57
7.82 2.34 38.55
7.20 2.05 36.22
7.39 2.16 35.26
6.78 1.98 35.36
4.96 3.33 26.01
5.67 2.97 29.77
5.98 2.65 29.18
4.42 4.02 25.06
4.90 3.51 28.62
4.68 3.71 24.88
4.42 3.64 25.98
4.43 3.89 24.80
4.34 3.82 25.64
4.42 4.00 26.02
4.36 4.00 24.68
4.90 3.37 26.95
4.36 3.61 25.81
4.98 3.25 27.61
5.27 3.08 30.08
5.10 3.10 26.96
5.33 3.18 30.69
4.75 3.50 25.06
4.53 3.87 28.49
3.79 4.15 21.71
3.78 4.41 22.75
4.15 4.12 22.93
4.05 3.72 24.41
3.81 3.85 18.55
3.76 3.68 18.94
4.14 3.36 20.66
5.21 3.45 29.54
5.16 3.25 26.43
3.23 4.23 16.91
4.63 3.12 24.10
3.88 3.59 18.13
4.55 3.56 23.34
4.88 3.30 23.92
4.22 3.52 23.20
3.92 4.07 20.90
4.39 3.82 24.55
5.05 2.99 27.79
5.90 2.64 32.40
4.65 3.26 23.39
4.77 3.24 24.88
5.36 2.99 28.16
4.08 4.03 19.02
5.64 2.99 29.13
4.92 3.22 26.10
3.05 4.68 17.10
3.99 3.99 22.56
4.70 3.57 23.31
4.40 4.38 24.31
3.60 4.55 20.09
4.14 3.98 21.91
3.29 4.51 18.77
3.03 4.88 13.97
3.97 4.42 21.71
3.79 3.87 17.09
5.09 2.98 25.62
3.92 3.64 19.42
4.18 3.85 21.91
4.46 3.17 19.88
4.01 3.28 18.58
4.70 3.82 20.48
4.61 3.63 19.25
4.17 4.22 19.49
4.71 3.78 21.48
3.68 4.21 18.91
3.67 4.27 18.22
4.44 3.92 23.59
4.75 3.40 23.00
5.46 2.95 24.74
5.23 3.29 24.86
4.34 3.65 20.91
5.94 2.17 26.75
3.56 3.92 15.38
4.80 2.61 25.08
4.77 2.94 22.79
4.64 2.96 19.04
3.83 3.42 16.74
4.88 2.94 22.85
4.84 2.79 21.88
4.51 3.29 21.49
4.27 4.22 18.93
4.56 3.26 21.59
4.79 3.10 19.80
5.40 2.73 27.48
4.46 3.57 21.19
4.31 4.07 20.23
4.55 3.64 22.51
4.53 3.97 16.36
4.46 4.00 20.41
4.24 3.50 19.37
4.06 3.41 18.42
4.41 3.46 23.01
3.59 4.29 16.47
3.51 4.32 18.00
4.17 3.49 20.69
4.17 3.97 18.70
4.22 3.95 18.28
4.08 3.49 19.38
4.07 4.10 17.48
4.43 3.34 21.97
3.72 4.08 15.40
3.69 4.00 16.94
3.79 3.89 18.37
4.42 3.80 22.44
3.08 4.37 15.41
4.50 3.13 21.40
4.11 3.58 19.14
4.84 2.81 23.11
4.31 3.40 21.14
4.54 3.59 21.61
4.50 3.55 20.54
4.63 3.42 20.81
3.81 3.63 17.83
3.15 4.15 12.41
4.75 3.39 23.50
3.60 4.14 14.98
3.40 4.32 15.08
4.19 3.88 17.99
4.48 3.71 20.34
4.97 3.07 21.35
4.12 3.50 19.48
4.06 3.88 20.70
4.44 3.60 21.82
4.19 3.96 20.44
4.11 3.84 19.90
4.19 3.65 20.62
4.46 3.89 21.61
3.84 3.87 18.12
4.31 3.74 17.75
3.64 4.01 16.52
4.53 3.64 21.99
4.07 3.88 19.28
4.40 3.61 20.01
4.17 3.85 20.46
4.34 3.41 19.44
4.62 3.51 19.48
4.93 2.99 22.16
5.35 3.03 22.88
4.78 3.06 21.13
5.15 2.93 24.85
4.21 3.64 19.16
4.39 3.50 21.17
4.70 3.06 20.32
3.68 4.11 15.54
3.94 3.97 18.08
4.61 3.27 21.48
4.26 3.64 17.59
4.36 3.56 21.35
4.01 3.58 16.75
4.58 3.36 21.07
4.65 2.97 22.62
4.55 3.32 20.10
4.40 3.19 21.26
4.28 3.12 20.03
4.06 3.45 21.51
4.74 3.41 23.31
4.66 2.86 22.65
3.88 4.10 16.52
4.88 2.91 23.47
3.67 3.65 17.46
4.28 3.06 19.78
3.99 3.44 18.17
3.64 4.08 16.89
3.98 3.48 19.45
4.03 3.66 16.88
3.89 3.62 18.92
3.65 3.82 16.20
3.94 3.27 18.12
3.89 3.97 19.35
3.78 3.78 17.58
3.12 4.24 13.81
4.29 3.12 20.47
4.22 3.26 20.47
3.58 3.95 19.16
3.50 4.03 15.22
4.41 3.20 22.01
3.64 3.89 18.48
3.96 4.36 17.84
4.44 3.46 20.11
3.74 4.10 19.83
4.49 3.32 21.02
3.22 3.94 15.65
2.71 4.64 14.85
2.99 4.91 13.14
2.54 5.09 8.98
3.11 4.46 14.54
3.91 3.88 17.87
3.60 4.61 17.50
3.76 3.86 17.62
4.15 3.42 17.42
4.32 3.54 19.87
3.89 3.59 18.53
4.30 3.12 20.79
3.58 4.36 17.03
3.30 4.19 15.80
3.44 4.11 14.99
3.68 4.11 17.75
3.96 3.97 18.30
3.98 3.44 20.22
3.54 3.99 19.44
3.93 3.95 20.48
4.12 3.68 19.32
4.33 3.35 20.81
3.13 4.66 12.86
3.42 4.11 16.85
4.00 3.29 18.86
4.09 3.46 16.57
3.52 3.91 16.21
3.06 4.43 14.25
3.94 3.40 16.22
3.45 3.87 19.15
3.29 4.04 15.36
3.72 3.60 17.81
4.84 3.15 22.02
4.50 3.01 21.69
3.95 3.73 16.46
4.64 2.99 22.54
4.48 3.43 21.91
4.13 3.82 18.99
4.07 3.90 19.38
4.62 3.28 20.21
4.43 3.75 21.33
3.81 4.01 18.46
3.96 3.59 18.09
4.33 3.55 21.83
3.91 4.04 19.66
4.17 3.55 19.31
4.81 2.99 24.52
3.53 3.92 15.91
3.71 3.64 16.72
4.18 3.69 18.79
3.99 3.38 20.27
4.90 3.65 22.53
4.61 3.46 21.16
4.38 4.02 20.95
3.93 3.72 18.62
3.91 4.28 15.78
4.10 3.31 19.86
4.27 3.31 21.26
3.29 4.12 17.10
3.69 3.73 14.87
3.47 3.84 17.09
3.98 3.57 21.00
4.60 3.52 20.20
4.53 3.81 21.45
3.77 4.09 17.57
4.13 3.47 20.36
4.54 3.47 23.44
4.65 2.98 24.78
4.74 3.22 20.57
4.92 3.03 21.34
4.17 4.33 16.88
3.53 4.84 15.23
3.86 4.46 20.14
3.02 4.90 15.27
4.50 3.61 21.27
4.39 3.25 21.90
4.27 3.88 19.69
3.92 4.19 17.63
5.28 2.78 24.80
3.32 4.19 15.37
3.73 4.43 16.74
3.44 3.95 16.32
4.45 3.34 20.89
4.79 3.21 22.11
4.53 3.31 23.09
4.83 3.37 22.77
4.24 3.39 22.73
4.84 3.39 23.65
3.77 4.16 21.53
3.23 4.61 15.20
3.87 4.07 18.77
3.59 3.97 17.81
4.44 4.19 16.90
4.41 3.63 20.57
4.57 3.55 18.81
5.04 3.60 22.79
4.38 3.80 21.37
5.17 3.72 26.21
4.15 4.09 17.77
4.73 3.98 20.83
4.77 3.42 18.39
4.32 4.29 16.49
4.71 3.26 21.48
4.31 3.30 18.96
4.89 3.28 21.93
4.58 3.85 20.92
4.73 3.24 21.05
4.14 3.84 19.71
3.73 3.93 15.52
4.21 3.55 17.76
4.19 3.76 18.82
4.74 4.12 23.74
4.37 3.64 21.69
3.97 3.90 19.99
4.19 3.89 18.84
4.07 4.27 19.73
4.51 3.66 19.82
4.86 3.52 26.60
3.98 4.13 18.43
3.60 4.59 13.91
4.07 3.93 19.99
4.73 3.64 19.98
4.41 3.49 19.86
4.55 4.04 22.74
4.62 3.53 21.33
3.62 4.18 17.62
4.23 4.51 18.44
4.51 3.76 20.25
4.95 3.43 26.11
5.06 2.97 25.64
5.15 3.15 22.43
4.84 3.29 21.87
4.47 3.31 22.34
4.66 3.25 22.41
4.59 3.65 18.54
5.07 3.02 25.28
3.43 4.24 15.98
4.11 3.64 20.56
4.18 3.59 20.36
4.80 3.02 22.76
4.36 3.84 21.92
4.52 3.54 21.00
5.00 4.12 22.60
4.60 3.69 22.49
5.44 2.88 25.13
5.52 2.71 27.71
4.87 3.64 25.77
4.50 3.67 19.21
4.50 3.24 21.26
5.22 2.96 24.77
4.59 3.60 18.75
4.07 3.85 15.66
4.13 4.06 14.86
5.25 2.78 20.12
5.01 3.50 18.89
5.38 3.07 21.28
4.65 3.51 15.85
4.30 3.65 16.93
4.45 3.87 16.84
3.46 4.92 12.15
4.09 3.84 19.23
4.53 3.90 18.71
3.83 4.29 16.96
3.47 4.18 13.40
3.21 4.92 8.76
3.08 4.71 8.59
4.30 3.84 12.31
4.53 3.42 13.63
5.25 2.85 21.40
3.84 4.18 12.45
4.78 3.20 18.75
4.98 2.91 22.80
4.01 4.03 15.59
4.92 3.31 13.03
3.90 3.69 14.31
3.01 4.69 6.86
4.25 3.50 13.69
3.31 4.46 7.38
4.71 2.93 17.74
3.77 3.80 13.91
3.80 3.63 16.55
3.95 3.50 14.63
4.25 3.30 15.58
4.01 3.99 14.73
4.21 3.53 13.65
4.04 3.91 14.44
5.10 2.86 20.76
4.12 3.33 14.58
4.31 3.40 14.70
3.98 3.91 12.71
4.13 3.17 14.10
4.18 3.76 12.11
3.58 4.23 13.26
3.99 3.54 15.23
3.43 4.28 11.28
4.17 3.77 13.01
3.97 3.91 13.30
4.35 3.31 14.61
3.24 4.34 11.67
3.46 4.25 11.13
4.38 3.68 14.15
3.88 4.11 17.88
3.56 4.89 10.26
4.11 3.81 14.57
4.31 3.81 16.38
3.41 4.32 10.77
3.80 4.63 12.36
4.72 3.40 15.02
4.92 2.53 21.93
4.83 2.47 20.78
5.49 2.14 25.60
3.48 4.47 7.75
4.22 4.08 12.69
4.69 3.24 16.47
3.98 3.73 14.81
4.62 2.82 20.98
5.17 2.83 23.39
3.54 3.96 15.89
4.64 3.42 17.38
4.67 3.29 19.31
3.87 3.93 15.22
4.07 3.78 16.03
3.92 3.86 13.04
4.58 3.80 14.91
4.34 3.83 12.46
4.31 3.57 17.38
4.54 3.45 20.97
3.91 4.79 17.56
3.58 4.22 16.22
4.39 4.04 13.43
3.57 4.28 11.39
5.04 3.03 17.01
5.14 3.11 19.16
4.87 2.66 19.58
5.21 2.39 22.97
4.87 2.84 22.90
3.95 3.99 11.92
3.95 3.67 11.97
3.92 3.91 13.94
3.62 4.26 11.91
4.36 3.52 13.60
5.13 2.37 22.29
4.68 2.78 20.06
4.04 3.46 15.19
4.38 3.31 18.60
4.32 3.50 15.49
4.72 2.89 18.50
4.33 3.32 17.06
4.63 3.48 19.31
3.52 4.14 14.40
4.78 3.21 19.20
4.07 3.55 18.79
4.63 2.59 22.74
4.74 3.29 14.90
5.06 2.49 20.02
3.58 4.27 12.25
5.24 2.65 22.33
3.74 3.50 14.11
3.53 4.01 12.97
2.91 4.58 9.03
3.35 3.90 9.11
2.92 4.18 10.22
3.79 4.29 8.23
3.29 4.11 11.58
4.21 3.71 15.37
3.80 3.81 15.24
3.12 4.39 7.45
3.60 4.11 14.25
3.21 4.84 11.72
3.51 4.34 11.46
3.94 3.87 15.38
3.75 3.94 15.32
4.73 3.79 16.41
3.87 3.81 15.35
3.28 4.30 6.67
3.78 3.78 12.55
4.04 3.35 15.45
4.89 3.07 16.41
4.67 3.01 16.52
4.65 3.19 16.43
4.58 3.03 17.69
4.46 2.70 17.97
3.82 3.55 11.08
4.67 2.78 19.26
3.95 4.04 10.73
4.30 3.20 14.62
4.07 3.54 14.36
3.90 3.54 13.04
5.04 3.93 14.57
5.60 3.49 20.39
6.09 2.71 27.12
5.44 3.09 21.91
5.22 2.40 22.99
6.19 2.76 27.99
5.38 2.38 22.51
4.24 3.49 15.52
4.61 3.16 16.98
5.94 2.35 29.53
4.06 3.50 16.32
4.87 3.46 18.30
4.95 2.82 20.61
4.82 2.69 19.31
3.53 4.25 10.11
3.74 4.21 11.59
4.40 3.59 19.96
4.59 3.48 18.18
3.53 3.74 14.92
5.17 3.24 24.19
4.38 3.50 20.36
3.88 4.01 17.42
3.64 4.24 13.09
3.02 4.86 12.69
4.53 3.55 19.90
3.78 4.25 11.01
4.36 3.15 15.78
4.37 4.06 15.77
4.20 3.26 18.10
3.45 5.49 6.37
3.97 4.24 10.75
5.36 2.45 19.96
3.57 4.63 13.23
5.19 2.92 19.35
4.75 3.50 19.84
5.56 2.35 24.04
4.08 4.19 10.60
4.28 3.67 13.37
4.97 2.93 21.87
4.31 3.67 16.22
4.87 3.23 15.21
3.82 3.93 12.61
5.01 3.13 19.52
4.00 4.07 13.11
3.86 4.41 12.01
4.16 3.59 16.69
3.32 4.24 11.33
4.38 4.15 13.36
4.56 3.32 15.09
4.38 3.95 11.37
3.18 4.74 9.79
3.77 4.11 12.44
4.61 3.80 14.35
3.79 4.46 10.20
3.70 4.37 12.07
3.49 4.39 9.99
3.53 4.68 8.37
3.54 4.42 8.56
3.82 3.58 13.52
3.51 4.34 10.22
3.99 4.49 9.38
4.40 4.13 15.69
4.43 3.72 15.39
4.27 3.62 15.83
3.30 4.16 9.62
3.19 4.87 8.90
3.17 4.88 10.36
3.45 4.00 11.68
4.10 3.60 15.14
5.59 3.09 19.27
5.14 2.93 18.09
3.97 3.43 12.11
4.40 3.57 16.24
5.33 2.76 18.73
5.72 2.90 19.27
4.52 3.03 18.30
4.25 3.98 13.32
4.12 3.76 12.43
3.31 4.44 7.37
3.50 3.93 9.88
3.12 4.34 9.27
3.73 4.18 15.50
4.38 3.39 17.37
6.07 2.68 23.15
5.53 2.74 21.48
4.98 2.97 20.51
4.47 3.34 17.38
5.93 2.61 29.97
4.74 3.12 19.38
4.51 3.64 22.34
4.49 3.63 22.00
5.15 3.77 20.24
5.45 3.24 26.48
4.55 3.24 22.47
4.83 3.38 22.02
5.21 3.28 23.88
4.67 3.41 23.71
5.29 3.33 19.53
4.79 3.27 22.59
5.19 4.01 22.26
4.74 3.80 22.62
5.33 3.16 23.08
5.37 3.13 23.12
5.69 3.64 24.75
5.96 2.87 30.35
7.43 3.44 31.63
5.39 3.20 28.43
5.20 2.71 22.18
4.77 3.10 22.39
4.89 4.03 21.83
4.31 4.09 24.31
4.57 4.59 24.25
4.77 3.68 22.83
4.33 4.21 22.11
4.71 3.96 22.97
4.61 3.97 24.00
4.94 3.85 27.30
4.75 3.37 26.53
4.91 3.00 24.92
5.42 2.95 29.09
4.45 4.30 20.94
4.44 3.48 21.66
4.43 3.81 21.62
4.84 3.55 24.79
5.05 3.47 23.84
4.91 2.89 25.62
4.91 3.38 20.85
4.34 3.71 21.87
5.17 3.56 24.50
4.52 3.48 23.43
4.29 4.01 23.59
4.79 4.34 19.71
3.65 3.92 18.72
4.93 3.65 24.67
4.52 3.42 22.52
5.33 3.25 26.57
4.92 4.12 21.50
4.95 3.21 28.25
5.32 2.82 27.55
5.45 2.97 28.19
4.94 3.29 25.63
5.35 3.04 28.39
5.49 3.33 29.66
4.44 3.61 22.91
4.12 4.11 18.43
4.68 3.56 25.52
4.71 3.45 26.97
5.30 3.35 27.83
5.35 3.44 28.41
6.20 3.32 33.98
5.51 3.66 35.08
5.83 3.20 35.62
5.30 3.50 33.55
5.27 3.42 31.29
6.19 3.54 38.35
5.47 3.74 33.88
5.37 3.43 31.94
5.40 3.50 31.96
5.21 3.26 30.37
6.65 3.36 39.23
5.63 3.32 33.70
5.57 3.34 32.37
5.02 3.41 22.49
5.56 3.18 29.15
4.33 3.59 21.85
4.86 3.42 24.70
4.99 3.38 22.20
4.54 3.64 21.68
5.17 3.36 23.41
5.56 3.72 29.11
5.26 3.20 25.34
4.67 3.47 22.14
5.08 3.73 27.08
5.11 3.48 28.62
6.13 3.26 29.24
5.68 3.26 27.33
5.43 3.00 27.87
6.65 2.92 33.52
6.61 3.45 29.41
7.19 2.98 34.30
6.65 3.19 32.91
7.23 3.17 34.67
5.19 3.36 23.93
5.76 3.04 27.91
5.85 2.90 30.77
4.42 3.61 20.07
4.80 3.70 23.17
5.51 3.12 28.02
4.76 3.65 21.90
5.29 3.52 27.12
4.60 3.88 25.75
4.97 3.92 28.50
5.09 3.51 30.67
5.13 4.06 27.27
5.62 3.24 29.37
5.69 3.20 33.03
5.05 3.30 28.27
4.70 3.49 23.02
4.13 3.75 17.95
3.98 3.73 20.62
4.33 4.07 21.08
4.38 3.57 22.00
4.56 3.85 23.62
4.22 3.63 21.93
4.34 3.81 19.67
4.44 3.55 22.25
4.30 3.55 20.99
5.73 2.83 29.44
4.53 3.42 22.33
4.47 3.61 21.75
4.73 3.29 22.80
5.03 2.65 25.93
5.11 2.83 23.09
5.47 2.27 27.85
4.86 2.99 22.29
4.94 3.22 24.42
5.45 2.87 25.79
4.50 3.23 21.80
3.99 3.77 19.43
5.07 2.58 23.14
4.66 3.03 22.67
4.89 3.16 24.81
3.88 3.31 17.43
5.41 2.68 25.24
5.10 2.97 23.90
4.80 2.96 21.87
4.05 3.76 19.19
4.68 2.96 22.46
5.16 2.87 26.62
4.81 2.98 23.16
4.32 3.42 20.15
4.53 3.28 20.20
4.82 3.56 22.00
4.55 2.95 20.38
3.80 3.54 18.84
4.16 3.78 20.94
5.80 2.72 28.61
4.92 3.24 25.57
4.29 3.54 21.08
4.07 3.38 19.03
4.12 3.64 22.73
4.89 3.09 23.31
4.45 3.21 19.78
4.59 2.92 23.42
4.32 3.52 23.94
4.11 3.27 19.04
4.70 3.54 26.67
5.05 3.34 27.11
4.55 3.30 23.73
4.18 4.19 20.57
4.76 3.60 24.50
5.17 2.74 25.58
5.68 2.39 26.92
4.71 3.13 24.16
4.83 3.18 24.45
4.61 3.05 24.53
4.55 3.10 25.84
4.40 3.79 23.08
4.42 3.95 24.36
4.65 3.16 23.49
4.31 3.34 20.74
5.50 3.08 27.50
4.33 4.00 20.91
4.04 4.04 21.16
5.05 3.17 26.12
4.84 3.12 24.90
4.27 3.37 22.61
4.34 3.55 22.18
5.17 3.59 28.98
5.29 3.67 32.08
5.79 3.46 36.61
5.27 4.02 32.93
5.44 3.63 33.12
5.99 3.52 35.83
5.34 4.00 32.64
5.93 4.24 36.76
5.58 3.93 35.73
6.33 3.53 39.84
5.89 3.80 35.26
5.27 3.67 32.53
5.71 3.78 34.94
5.81 3.91 32.09
5.29 3.75 31.51
6.44 3.58 37.55
5.90 3.65 35.93
5.74 3.74 33.60
5.84 3.59 35.84
5.89 3.97 37.40
5.32 3.88 34.01
6.12 3.60 39.89
6.57 3.31 38.38
6.86 3.39 42.16
5.84 3.80 37.84
5.93 3.79 38.67
6.38 3.31 40.22
6.00 3.67 37.72
5.89 3.74 36.50
5.82 4.05 36.07
5.77 4.06 35.28
6.38 3.51 34.46
5.95 3.63 37.64
5.89 3.73 36.79
6.15 3.66 36.24
6.03 3.33 33.71
6.11 3.60 35.81
7.02 4.07 40.73
5.91 4.05 35.28
6.24 4.13 39.36
6.27 4.34 37.08
6.62 4.14 40.01
6.03 4.59 36.58
5.95 4.44 33.91
5.99 4.53 35.98
6.25 3.99 39.72
6.05 4.04 37.74
5.99 3.97 36.40
6.66 3.58 41.04
6.24 3.71 38.74
6.86 3.77 38.82
6.10 3.70 35.11
6.30 3.60 36.49
6.42 3.61 37.80
5.28 4.08 28.46
6.42 3.61 33.29
5.95 3.64 31.37
6.02 3.91 35.24
6.65 3.97 37.14
5.53 4.08 32.46
6.54 3.72 37.88
6.11 4.16 39.26
5.74 4.17 34.17
6.42 3.72 39.44
5.68 3.93 35.07
5.61 3.98 32.16
6.14 4.06 37.20
6.35 4.07 40.20
5.86 4.46 37.69
5.97 3.46 36.04
6.28 3.69 39.39
6.17 3.55 37.63
5.51 3.69 32.84
6.18 3.87 40.15
6.01 3.78 38.23
6.53 3.49 40.83
6.15 3.71 37.94
5.80 3.88 35.46
5.96 3.92 35.64
6.32 3.95 39.50
6.44 3.70 37.96
6.06 3.64 37.04
6.17 3.90 38.47
6.37 3.60 39.43
6.51 3.57 39.90
7.53 3.83 46.21
6.42 3.62 39.95
6.84 3.35 40.61
6.28 3.67 36.00
6.72 3.94 43.29
6.75 3.48 41.45
6.34 3.27 38.24
7.35 3.06 40.26
6.72 3.67 38.19
6.52 3.30 38.52
5.90 3.71 39.11
6.25 3.71 39.07
6.11 3.65 37.38
5.96 3.68 36.52
6.09 3.74 37.92
6.52 3.90 39.67
5.71 3.70 33.85
5.72 3.80 36.03
6.05 3.84 36.32
6.43 3.54 38.95
6.21 3.68 39.06
5.95 3.54 36.31
5.64 3.73 34.85
6.31 3.85 39.85
6.42 3.43 38.40
6.17 3.62 38.54
5.95 3.48 34.82
6.11 3.72 36.21
6.42 3.54 38.13
6.26 3.44 39.42
6.32 3.70 38.06
6.04 3.79 37.65
6.14 3.53 34.33
5.94 3.54 33.08
5.92 3.68 35.12
5.89 3.53 37.11
5.55 4.02 34.60
6.01 3.83 36.51
6.67 3.65 38.87
5.82 3.70 34.41
5.98 3.25 34.98
6.15 3.66 37.90
6.27 3.60 35.64
6.84 3.65 40.00
6.41 3.75 38.79
6.48 3.76 38.27
5.88 3.91 32.85
6.75 3.70 37.63
6.01 3.34 32.81
5.71 3.48 33.61
5.37 3.42 28.37
6.05 3.59 33.51
5.47 3.57 28.97
5.72 3.16 29.93
5.65 3.50 30.53
6.03 3.35 34.43
6.59 3.56 40.98
5.93 3.66 32.97
5.78 3.79 30.82
5.50 3.64 31.71
5.69 3.50 32.23
6.20 3.29 34.91
5.66 3.73 32.04
5.80 3.40 31.24
5.33 3.49 29.96
5.11 3.97 25.45
5.47 3.39 28.94
4.97 3.52 26.55
4.66 3.84 24.08
4.89 4.02 25.87
4.57 4.01 24.49
5.22 3.47 27.25
5.87 3.25 31.79
5.36 3.51 27.85
5.43 3.43 30.69
5.61 3.54 31.10
5.71 3.28 28.69
5.79 3.52 31.92
6.27 3.57 36.21
5.51 3.48 31.25
5.87 3.24 32.54
5.62 3.56 32.92
5.61 3.18 28.68
5.27 3.50 27.34
6.01 3.40 31.56
5.83 3.60 32.32
5.18 3.88 28.51
5.56 3.24 29.45
5.57 3.28 31.74
5.28 3.53 27.13
5.56 3.44 31.11
4.93 3.64 28.56
5.56 3.44 30.19
5.22 3.69 27.43
6.17 3.33 34.55
5.28 3.50 29.01
5.50 3.34 31.43
5.80 3.34 32.71
4.83 3.53 26.09
5.49 3.74 30.00
6.29 3.72 37.70
6.06 3.41 29.75
5.19 3.68 27.53
5.30 3.51 31.10
5.65 3.36 30.45
5.35 3.52 28.26
5.55 3.61 30.92
6.04 3.47 33.32
5.74 3.70 31.43
5.23 3.37 27.74
4.98 3.62 27.15
5.67 3.57 30.96
5.12 3.76 25.49
5.85 3.67 34.22
6.09 3.30 32.37
