6.61 1.07 33.37
7.38 1.65 36.63
6.56 1.59 30.80
7.11 1.54 33.79
7.46 2.02 37.82
6.91 1.39 36.41
8.08 2.59 36.21
6.81 2.07 31.27
6.69 2.07 27.20
6.81 2.22 34.97
5.86 2.04 25.91
7.23 1.78 34.86
7.15 2.26 37.07
6.49 1.64 31.14
7.14 1.90 37.25
6.72 2.05 27.59
7.34 2.29 36.78
6.95 1.73 34.15
7.42 2.11 36.46
7.46 2.03 36.92
9.09 3.38 42.31
9.62 3.80 45.75
8.52 2.82 41.44
7.33 1.66 37.97
6.85 1.26 33.69
5.90 1.05 28.32
6.04 1.05 28.30
6.01 1.21 28.41
5.70 1.24 29.37
5.86 1.23 30.23
5.96 0.93 28.77
7.09 1.63 32.63
7.18 1.63 40.30
6.22 0.94 32.45
7.56 1.83 37.74
6.83 1.23 36.17
6.51 1.32 34.74
6.22 1.34 33.93
5.91 1.30 32.49
6.21 1.15 34.00
6.57 1.35 37.48
6.48 1.16 34.99
7.47 1.99 38.50
5.77 1.20 34.05
5.82 1.07 30.14
6.38 1.42 34.16
5.16 1.83 29.48
5.61 1.68 28.70
5.49 1.61 29.82
6.05 1.45 28.24
6.60 1.91 29.36
6.13 1.63 30.61
6.18 2.56 27.89
6.32 2.99 29.90
5.91 2.14 29.83
5.22 1.96 24.57
5.30 2.35 25.86
5.26 2.36 24.41
5.95 1.76 27.45
4.89 2.90 20.41
5.42 1.73 24.48
5.04 2.22 24.98
4.14 3.18 16.73
5.70 1.86 24.97
6.12 2.06 26.63
5.95 1.64 23.22
5.98 1.80 21.25
7.74 2.34 30.53
5.99 1.67 24.34
6.59 2.28 25.64
5.39 1.76 20.11
5.49 2.48 20.49
6.10 2.01 26.82
6.03 2.34 25.98
6.50 2.60 27.16
5.48 2.32 20.81
5.08 2.39 19.23
6.13 2.09 23.93
5.62 2.25 23.83
4.23 2.61 17.65
6.10 1.88 26.33
5.86 2.29 24.53
5.41 2.15 26.91
4.96 2.45 16.40
6.08 1.41 23.39
6.02 2.17 22.60
5.15 2.17 18.65
5.23 1.85 19.33
5.71 2.07 23.82
6.05 1.30 24.65
6.71 2.10 24.10
6.47 1.86 26.78
5.54 1.41 23.09
5.74 1.70 24.53
5.59 1.25 23.52
5.98 0.80 30.16
5.80 0.85 28.96
5.73 0.83 30.68
5.83 0.81 28.71
5.55 1.33 27.83
5.29 1.27 27.66
5.10 1.40 26.54
5.57 1.31 28.54
6.35 0.99 32.89
5.73 1.03 29.83
6.53 0.98 34.09
5.86 0.73 27.05
6.52 0.81 31.69
6.02 0.86 30.03
5.57 0.96 28.55
5.46 1.00 27.78
6.71 1.12 35.46
6.67 1.15 32.20
5.93 0.88 28.74
5.39 1.12 28.37
6.92 1.38 37.33
6.23 0.79 30.26
5.38 1.16 28.22
6.07 1.12 27.79
5.25 1.58 25.82
5.27 1.13 26.16
6.64 0.93 32.03
5.97 0.90 29.42
6.12 1.14 31.07
6.00 0.90 29.42
4.90 1.38 24.42
6.27 1.11 29.37
6.41 1.61 30.38
6.58 1.30 34.97
5.47 1.09 24.80
6.00 1.08 28.43
7.04 1.38 32.96
6.15 0.89 30.91
5.57 0.83 28.27
6.10 1.03 30.00
6.60 1.17 35.73
6.13 0.84 30.66
6.88 1.24 32.26
7.21 1.41 36.04
5.96 0.84 29.13
6.28 1.02 32.22
5.57 0.96 30.25
5.13 1.63 24.47
4.84 1.77 28.00
5.96 0.99 26.94
4.97 1.44 25.95
6.08 0.77 31.19
5.42 1.00 28.45
6.29 0.75 30.30
6.59 0.87 33.02
6.62 0.79 32.78
6.64 0.95 33.06
7.16 1.36 35.79
5.28 1.03 25.63
6.77 1.10 30.13
5.56 1.12 25.42
5.56 1.05 28.69
7.02 1.34 34.70
5.42 1.01 27.11
6.34 0.81 33.02
5.97 1.34 29.85
6.41 1.07 30.05
5.56 1.15 26.80
6.03 0.77 30.33
6.14 0.77 30.42
5.20 1.51 28.02
6.22 1.44 32.06
5.48 0.99 27.59
5.89 0.88 27.81
6.51 0.86 33.19
5.28 1.30 26.23
7.18 1.32 35.00
6.29 0.95 33.21
6.96 1.26 34.06
6.61 0.99 30.20
5.71 1.21 29.93
5.95 0.71 28.73
5.76 0.84 31.32
6.83 1.03 34.49
6.66 0.93 34.04
5.66 0.87 28.67
5.79 0.89 29.07
5.55 1.04 28.01
6.80 1.11 33.31
6.81 1.17 37.40
7.00 1.25 35.92
7.09 1.34 33.07
6.49 0.98 31.54
6.11 0.65 30.27
6.74 1.17 35.29
6.14 0.78 33.34
7.35 1.70 37.00
6.13 1.08 29.70
5.70 0.54 28.09
6.85 1.08 33.61
6.15 0.77 29.36
6.51 0.90 33.13
5.72 1.11 28.85
6.55 1.01 32.17
6.21 0.53 30.15
6.52 0.86 29.68
6.46 0.76 31.11
6.22 0.65 29.11
6.47 0.77 32.52
5.82 0.80 27.63
5.54 1.09 27.62
6.90 1.08 33.47
6.77 1.01 32.60
6.24 0.75 32.17
5.92 1.43 29.55
7.84 2.36 32.85
6.48 1.02 30.70
5.90 1.18 25.43
6.38 1.24 27.18
6.15 0.77 30.26
6.44 1.63 30.66
7.23 1.54 34.24
6.16 0.84 30.42
6.45 1.31 30.91
7.08 1.47 33.16
6.40 1.60 28.02
6.16 1.12 29.21
8.11 2.24 38.44
7.24 1.47 35.11
6.67 1.35 32.07
7.23 1.62 33.45
5.89 1.17 28.25
7.57 1.87 35.29
5.72 1.07 25.99
6.06 1.51 28.94
6.43 1.59 28.45
5.54 1.39 24.92
6.49 1.14 32.33
6.78 1.21 31.89
6.06 1.51 26.26
6.73 1.16 32.97
7.81 1.97 37.84
6.70 1.06 32.45
7.24 1.84 34.00
6.11 1.30 26.56
6.54 1.34 31.44
5.99 0.98 28.76
6.39 1.35 32.25
5.97 1.42 27.82
8.24 2.70 34.87
6.14 1.69 25.64
5.58 2.60 24.05
6.61 1.97 27.44
7.19 2.34 31.31
5.94 1.98 23.87
7.65 2.23 33.03
6.58 2.09 27.96
6.02 2.25 27.10
7.07 2.20 27.59
7.17 1.87 32.26
6.91 1.80 31.35
6.77 1.50 30.71
7.39 2.22 32.02
6.92 1.81 29.58
7.23 2.29 31.24
6.49 1.95 29.20
6.74 2.08 29.21
7.12 2.11 30.46
5.90 2.14 23.22
7.11 2.10 31.76
5.85 1.85 24.22
6.26 2.58 23.98
6.60 1.59 30.03
6.32 1.65 26.38
6.19 1.83 28.40
6.37 2.04 25.03
6.59 2.06 27.10
5.57 1.99 24.40
6.71 1.67 33.26
5.63 2.09 26.15
5.79 1.52 26.84
4.85 2.83 21.10
5.48 1.69 26.43
6.00 1.70 28.31
6.27 1.84 26.06
5.51 1.96 25.08
7.13 2.55 29.34
6.10 2.42 25.67
6.36 2.19 27.24
6.81 2.02 28.84
6.49 1.86 28.44
6.37 1.67 28.54
6.17 2.33 26.77
6.05 2.51 26.65
5.82 2.20 25.10
6.36 1.67 30.20
7.30 2.22 28.70
6.93 1.82 31.68
6.20 1.47 26.87
6.13 0.76 29.26
6.21 0.96 30.64
6.40 0.69 31.66
6.19 0.74 32.65
5.86 0.84 29.19
6.95 1.13 34.43
6.93 1.28 34.63
7.09 1.46 35.66
6.70 0.99 31.87
6.60 1.09 28.83
5.64 0.76 28.49
6.04 0.59 29.76
6.69 0.97 31.60
6.92 1.17 33.64
7.89 2.01 42.60
6.40 0.80 30.53
7.00 1.26 33.69
6.60 0.93 30.01
7.16 1.33 34.58
6.70 1.12 31.64
7.48 1.56 36.42
6.97 1.04 34.10
7.77 2.03 36.32
7.58 1.89 32.56
7.13 1.32 34.61
6.40 0.78 32.88
6.86 1.26 36.05
6.08 0.99 28.98
6.88 1.12 33.48
6.85 1.16 35.39
6.31 0.93 33.34
7.23 1.42 36.17
7.09 1.36 34.66
7.15 1.37 36.10
6.93 2.01 29.65
6.20 1.10 30.58
6.72 1.06 33.46
6.68 0.99 33.18
5.63 1.24 29.21
7.24 1.64 37.36
7.98 2.16 42.00
6.89 1.28 34.70
7.74 1.87 36.29
7.27 1.51 31.91
7.06 2.04 32.05
6.73 1.85 31.37
6.77 1.20 29.34
6.91 1.48 30.35
7.44 2.52 29.96
7.41 1.81 34.27
6.96 1.61 30.27
7.42 1.55 35.71
6.16 0.97 30.20
6.53 0.84 31.08
6.70 0.95 33.42
6.93 1.14 35.68
7.17 1.42 34.67
6.02 1.05 29.41
5.88 1.08 29.92
5.90 1.16 28.07
7.44 1.62 37.74
6.75 0.97 33.44
6.11 0.86 32.20
5.73 0.84 29.00
6.53 1.18 32.01
6.36 1.81 26.74
5.81 2.07 25.01
5.25 2.31 23.54
5.38 2.39 25.33
5.34 2.95 24.39
4.20 3.50 17.59
3.51 4.01 16.14
4.83 3.00 21.66
5.86 2.26 26.79
6.22 2.06 28.30
5.00 3.12 23.87
6.06 1.65 25.73
6.38 1.67 28.04
5.15 2.33 24.25
6.51 1.75 27.96
5.57 2.24 22.22
6.30 1.39 26.43
5.90 2.08 25.37
5.82 1.52 25.83
4.99 1.50 26.10
6.01 1.10 31.51
5.81 1.75 25.95
6.26 1.18 26.76
5.22 1.83 25.38
7.05 2.04 28.59
7.41 2.01 33.64
6.22 1.30 29.48
6.70 1.05 35.67
6.17 0.93 33.93
6.78 1.17 34.25
6.72 0.89 33.82
7.08 1.63 34.90
5.87 1.33 26.36
6.01 1.14 27.85
6.32 1.10 30.68
6.24 1.17 30.69
5.70 1.78 28.01
6.03 1.43 27.61
5.88 2.03 24.88
5.80 1.86 29.67
5.93 1.85 25.75
5.86 1.70 26.38
6.12 1.91 26.89
6.40 1.49 28.97
6.21 1.84 28.45
6.01 2.41 26.29
5.33 2.19 26.18
4.50 3.44 20.92
4.99 2.61 21.16
6.52 1.87 26.29
5.89 1.79 25.66
5.82 1.55 26.25
5.15 1.86 23.50
4.93 2.29 20.66
5.55 2.68 21.52
5.34 2.72 20.84
5.71 1.45 27.17
4.50 4.51 19.03
6.13 1.99 27.34
5.63 1.19 25.35
5.50 1.59 25.08
6.05 1.85 24.76
5.41 2.03 26.44
6.16 1.41 26.61
6.15 2.26 26.22
6.36 2.29 24.17
5.20 2.37 24.26
5.80 2.53 25.06
6.32 1.74 27.98
5.91 2.37 22.84
6.79 1.92 30.07
7.34 2.23 33.05
6.48 3.22 26.16
6.53 1.99 28.44
4.26 3.13 17.12
3.85 3.38 14.03
4.54 2.67 18.10
4.08 3.76 16.65
6.13 1.66 26.61
4.37 3.43 17.56
4.44 3.34 19.05
4.02 4.10 14.96
3.87 4.01 19.04
3.90 3.49 18.44
4.92 2.78 20.34
5.60 2.19 24.21
5.75 2.96 27.22
4.97 2.66 24.26
4.92 2.46 24.40
5.18 2.40 26.96
5.49 2.46 26.92
5.56 2.41 28.28
4.75 2.69 23.13
5.47 1.98 26.11
5.64 2.92 25.31
4.94 2.00 24.47
5.12 2.22 25.49
4.61 2.75 20.55
5.74 1.97 24.03
4.64 2.36 21.91
5.48 1.60 24.62
4.87 2.64 22.93
4.34 2.79 21.31
5.04 2.76 21.25
4.40 2.66 23.27
4.38 2.72 22.75
4.53 2.76 18.19
4.54 2.93 20.92
3.25 3.98 13.12
5.60 1.94 21.16
4.46 3.05 18.70
4.63 3.59 16.98
5.13 2.60 21.96
6.47 1.97 27.86
6.56 1.98 23.90
3.81 3.58 13.78
4.74 1.90 22.66
5.38 1.50 24.81
5.53 1.51 24.51
6.96 1.59 27.76
6.25 1.03 30.42
5.85 1.49 22.92
4.40 3.11 17.91
4.84 2.68 19.76
4.76 3.00 22.91
5.37 3.51 31.19
6.01 3.49 33.35
5.92 2.61 32.10
4.95 2.32 20.52
5.14 2.88 20.66
5.25 2.26 19.34
4.41 3.23 17.80
4.75 3.06 20.53
4.67 2.72 17.90
4.28 2.30 19.07
4.80 2.60 20.62
3.58 4.01 14.98
3.99 3.54 15.31
4.73 3.11 25.55
3.97 3.38 16.50
4.62 3.26 19.59
4.67 3.12 19.69
5.47 3.38 17.94
4.35 3.42 14.51
4.95 2.15 22.19
5.04 2.69 19.90
4.67 2.90 17.26
4.49 3.09 12.84
4.83 3.39 19.34
3.59 3.72 11.37
3.53 3.99 14.18
2.93 4.80 10.51
2.93 4.12 9.67
4.20 3.27 13.82
4.62 2.84 19.64
4.35 3.12 15.34
4.07 3.86 11.37
3.83 3.66 10.73
3.93 5.47 17.64
4.16 3.56 14.03
4.46 4.83 18.81
3.03 4.78 11.98
3.60 5.56 18.61
3.97 5.44 22.12
4.15 4.63 16.42
4.00 3.65 12.87
3.63 4.77 14.74
4.90 4.09 21.53
4.04 5.35 17.23
4.59 5.21 22.78
4.68 4.65 19.85
3.67 4.70 13.76
4.25 4.63 16.13
4.94 4.00 18.54
3.92 5.26 15.80
5.10 6.49 27.66
5.38 4.86 24.26
4.65 5.52 23.92
4.78 6.38 25.76
4.43 4.47 10.87
2.86 4.75 12.76
4.03 6.00 18.74
4.91 4.70 19.03
4.59 4.49 18.62
4.29 5.01 19.67
3.97 5.24 16.61
3.64 5.04 18.87
4.21 5.17 19.68
5.04 3.96 19.62
4.30 4.89 14.01
4.03 4.11 11.35
3.68 4.52 14.62
5.86 3.07 21.48
5.21 4.11 17.32
4.03 3.56 13.76
4.52 4.24 14.81
5.18 3.93 20.65
4.82 2.36 17.75
3.91 2.83 14.29
3.66 3.91 15.81
4.81 2.39 17.33
3.56 4.01 13.53
4.04 3.62 15.95
3.93 3.41 14.47
4.50 3.66 16.23
4.81 3.09 15.70
5.10 3.11 18.03
4.70 4.10 20.10
3.53 3.94 9.88
3.98 3.66 15.11
4.50 3.63 14.04
4.85 3.68 16.79
3.42 3.79 11.05
4.28 3.61 16.42
4.71 4.63 18.66
4.04 5.02 18.68
4.72 4.23 17.63
3.92 4.71 14.67
3.98 3.96 13.67
3.03 4.18 8.61
4.12 3.65 17.76
3.89 3.90 15.05
4.25 3.26 15.76
4.32 2.68 13.44
4.84 3.05 18.83
5.19 2.41 18.40
4.24 3.63 16.20
4.97 2.34 20.48
4.66 2.10 17.48
4.92 2.63 14.30
4.08 2.77 14.65
4.13 2.60 17.03
3.81 3.70 11.83
3.30 4.10 9.76
3.47 3.80 14.59
4.41 2.83 20.40
3.79 3.59 12.53
5.02 3.02 15.46
4.21 3.35 14.65
4.42 2.94 11.77
4.39 3.23 15.56
4.03 3.01 15.27
3.51 3.82 10.86
3.76 4.02 10.52
4.46 3.91 16.89
6.09 2.66 23.44
5.03 3.01 16.20
4.33 3.27 12.89
4.76 3.28 15.35
5.06 2.80 17.46
5.32 3.21 17.65
5.41 2.86 14.31
5.63 2.17 18.80
5.08 2.36 18.90
5.15 3.73 14.66
4.25 3.85 8.82
4.75 3.37 9.92
5.10 3.48 11.18
4.81 3.45 11.98
5.48 2.93 17.66
5.03 2.62 19.97
5.50 2.68 19.21
6.24 2.61 21.45
4.87 3.72 17.65
4.57 3.66 13.22
4.68 3.09 14.52
4.62 3.18 17.16
4.70 3.56 13.63
4.85 4.34 19.50
5.16 3.80 12.95
4.94 4.62 15.08
3.61 4.26 10.79
4.57 3.70 11.75
4.31 3.70 9.46
5.53 2.71 19.52
4.51 3.71 9.47
4.24 3.31 13.85
4.30 3.33 14.63
4.50 3.65 11.61
4.83 3.01 18.58
4.61 3.58 15.28
5.54 2.42 20.17
4.73 3.53 13.57
5.80 2.96 18.40
5.76 2.67 20.02
5.15 3.47 11.86
4.32 3.48 10.41
5.18 3.15 17.83
6.04 2.64 18.86
5.17 3.19 15.19
4.79 3.13 13.44
5.21 2.92 14.14
5.74 2.86 16.41
5.34 2.76 17.56
6.20 2.77 21.28
6.73 2.98 19.63
6.22 2.24 25.34
5.43 2.99 17.00
6.19 2.84 16.70
5.24 2.80 15.20
4.19 3.88 9.88
5.96 3.04 17.70
5.34 3.10 13.91
5.68 3.16 13.60
6.00 3.12 15.79
5.93 3.07 13.80
5.62 2.92 16.52
6.37 3.44 18.50
5.43 3.30 17.76
4.78 3.74 14.72
4.51 3.93 14.92
4.16 4.52 15.09
4.48 4.26 16.81
4.59 3.96 16.41
5.15 3.81 18.60
5.89 2.16 20.69
5.64 3.04 17.32
5.85 2.43 21.68
5.04 2.43 16.01
4.68 3.27 14.29
5.03 2.91 13.94
5.81 2.44 19.29
3.71 3.93 11.49
4.22 3.75 11.74
5.01 4.40 17.31
5.61 2.09 22.18
4.40 2.32 17.79
5.46 2.05 19.63
5.20 2.91 16.29
4.97 3.26 12.18
5.26 2.49 17.57
5.81 2.78 15.86
4.45 4.33 15.93
4.29 3.69 14.11
4.71 2.84 16.45
3.99 3.18 14.32
5.76 3.02 22.19
5.64 2.75 17.01
5.21 2.42 19.29
5.61 2.03 20.04
4.82 2.28 19.38
5.57 2.10 21.45
5.85 1.90 22.51
4.37 3.94 14.39
3.79 3.82 9.19
4.15 3.34 12.44
4.46 3.01 13.52
4.05 4.36 17.79
5.85 1.86 23.41
5.09 2.65 16.79
4.59 3.11 14.27
4.56 2.89 16.77
4.24 4.66 17.62
5.77 1.89 23.78
5.03 2.18 22.12
3.96 3.15 11.88
3.96 4.05 13.94
4.52 3.04 15.95
4.20 2.99 16.70
4.02 3.53 14.08
4.57 2.91 18.43
5.77 2.47 18.86
4.89 2.43 18.71
5.81 2.47 20.92
4.94 3.35 14.88
4.81 2.75 14.25
5.59 2.38 20.12
5.68 2.65 18.58
4.00 3.22 10.29
5.41 2.62 19.19
5.39 2.68 15.91
4.30 3.78 12.72
3.72 3.84 8.34
5.39 3.40 16.30
4.40 2.89 13.65
4.85 3.15 13.50
4.61 2.94 18.25
5.57 1.96 23.63
4.85 3.23 14.67
5.91 2.40 19.80
4.84 2.33 17.13
4.37 2.75 15.34
5.79 1.71 24.19
5.05 3.19 17.41
3.50 4.29 12.29
5.07 3.63 15.96
5.54 2.70 18.49
4.32 3.25 12.37
4.82 3.38 14.68
5.50 2.55 17.05
5.40 2.43 20.98
5.10 2.41 18.92
5.84 2.12 22.54
4.98 2.96 16.85
4.59 2.88 14.41
5.53 1.87 20.47
5.77 2.31 19.73
3.79 3.70 12.60
5.52 2.41 18.54
5.26 1.87 19.95
4.27 2.40 15.36
5.72 2.21 20.34
4.68 2.76 16.33
5.58 2.25 20.67
4.76 2.13 18.55
5.07 2.13 19.43
5.40 2.43 17.71
4.46 3.16 13.29
5.12 2.92 14.85
5.29 2.67 17.50
4.81 2.41 16.81
4.84 2.75 16.08
3.74 4.55 13.80
5.30 2.61 18.52
4.70 2.73 17.99
5.52 2.60 19.97
5.16 3.64 15.27
5.03 2.72 15.74
4.59 3.50 12.40
4.08 3.93 14.07
4.15 3.57 15.38
4.79 3.85 12.90
4.21 4.51 19.83
4.41 3.13 15.51
4.59 3.55 14.55
4.03 3.69 14.32
4.91 3.22 13.88
4.95 3.13 18.30
5.17 4.00 20.16
4.36 4.40 15.64
6.28 2.61 25.03
5.35 3.00 18.77
4.29 3.26 14.94
4.14 3.40 14.72
3.91 3.19 12.48
5.13 3.22 17.24
4.02 3.30 14.44
5.22 2.70 17.69
5.09 3.08 13.80
4.66 2.28 17.93
5.29 2.47 19.12
4.48 2.71 16.58
5.11 3.24 15.96
4.87 2.94 16.25
4.95 2.11 17.61
4.98 2.93 15.71
4.79 2.57 16.43
4.64 2.24 17.34
4.78 2.52 17.97
5.36 2.07 19.93
4.93 2.08 19.45
5.47 1.91 25.54
5.14 2.31 18.10
5.21 2.43 15.83
6.13 2.61 18.49
4.51 2.95 12.93
5.17 2.98 20.72
5.07 2.62 18.90
6.25 2.26 21.37
4.59 3.01 14.75
5.33 3.46 16.40
5.19 3.40 18.12
5.04 3.72 15.38
5.47 2.57 18.50
4.60 3.94 14.85
4.38 3.57 14.87
4.07 5.74 17.83
4.27 4.38 12.51
3.41 4.44 13.47
3.68 4.17 11.06
3.92 3.41 11.88
4.11 4.17 12.96
3.60 4.04 12.42
3.59 4.45 13.82
3.37 4.34 8.79
4.09 4.14 12.43
4.62 3.19 10.85
5.15 2.65 17.28
4.25 3.80 11.11
4.96 2.56 16.45
3.68 3.64 13.42
4.55 4.01 13.57
5.00 2.85 18.16
4.92 4.33 18.48
4.13 2.97 14.83
5.53 3.98 17.81
4.58 2.76 17.06
4.44 3.22 14.59
3.48 3.50 13.35
4.74 2.74 15.28
3.47 4.07 9.15
3.36 4.75 13.49
3.77 4.18 14.07
4.56 3.47 16.34
4.33 2.84 13.26
3.83 3.98 12.07
3.75 3.56 12.42
5.01 2.35 18.16
4.58 2.66 15.75
4.81 2.73 14.82
5.18 2.98 14.71
4.37 3.07 13.91
5.78 2.17 22.43
4.91 3.83 15.66
3.99 3.73 14.41
4.33 4.15 13.90
4.67 3.47 17.84
5.61 2.47 19.48
4.44 2.87 15.33
5.69 2.34 20.19
5.74 2.07 22.67
4.97 2.88 15.41
4.35 2.82 16.65
4.73 3.06 16.65
4.30 2.90 15.25
4.88 2.38 15.75
4.25 4.12 16.10
5.11 2.73 19.24
5.57 3.06 16.38
4.17 3.89 12.89
3.77 3.43 14.58
4.77 3.08 17.41
5.00 2.41 18.03
4.82 3.38 13.86
4.36 3.02 13.25
4.72 2.68 14.68
4.40 3.08 14.17
4.73 2.85 14.74
3.67 3.61 13.45
4.52 3.44 12.00
4.97 2.87 14.60
4.32 4.83 16.92
3.44 5.09 10.15
3.88 3.70 12.86
4.66 5.45 16.21
4.12 3.89 13.52
4.17 3.29 11.83
4.94 2.34 19.27
4.76 3.85 15.91
4.74 3.41 12.17
5.02 2.47 18.47
4.57 3.96 14.61
4.83 3.45 14.92
4.79 3.02 15.20
3.79 3.33 12.62
4.12 4.01 12.65
4.47 4.62 15.82
4.23 3.60 15.38
3.80 4.40 9.27
5.02 2.00 18.34
4.51 3.12 12.53
4.07 3.12 14.27
3.09 4.95 8.63
5.20 2.65 15.59
6.02 2.37 20.96
4.62 2.75 16.43
5.17 2.23 19.78
5.68 2.82 19.91
5.29 3.17 16.41
4.83 3.66 16.86
3.98 3.68 13.78
5.29 2.93 15.80
5.10 3.22 16.30
4.10 5.68 16.58
4.33 3.56 12.48
4.37 4.27 12.86
4.01 3.44 12.36
3.07 4.02 8.31
3.64 5.12 13.22
3.55 5.92 14.29
2.70 4.79 6.76
3.25 4.91 11.11
3.18 5.14 11.33
2.50 4.98 8.85
2.69 5.56 7.65
3.72 5.04 13.14
2.95 5.53 11.17
2.77 4.90 8.68
2.80 4.86 7.14
2.43 5.28 7.30
3.14 4.10 8.76
3.39 3.91 10.59
4.37 2.99 12.99
4.42 2.75 15.48
3.52 3.57 12.66
3.96 4.14 11.35
3.58 3.46 12.73
3.78 3.59 14.75
4.16 2.66 16.75
4.28 2.84 15.92
5.06 2.29 16.70
4.50 3.48 12.74
4.74 2.72 18.14
4.02 2.93 16.14
4.89 3.14 18.35
3.80 2.47 16.04
4.50 2.41 18.23
5.05 2.14 20.98
5.35 1.63 22.69
5.57 1.08 25.12
5.70 0.70 26.06
4.81 3.03 18.51
4.03 3.64 15.02
5.45 2.66 19.45
4.93 2.57 21.73
5.05 2.29 25.27
6.07 0.62 27.53
4.56 1.78 25.39
4.38 2.20 25.37
5.30 1.05 27.59
5.38 1.13 30.13
4.94 1.44 26.71
5.01 1.99 22.85
4.81 1.64 23.32
5.43 0.97 29.49
4.78 1.49 22.97
5.53 0.93 28.16
5.29 1.17 28.32
5.25 1.35 25.26
5.09 1.64 25.93
5.37 1.28 28.50
6.38 0.98 30.98
5.71 0.60 29.26
5.16 1.15 26.50
5.07 1.15 26.99
4.80 1.66 26.90
4.38 2.00 24.06
5.13 1.45 26.83
4.27 2.13 21.19
5.39 1.85 25.10
4.61 1.79 25.12
5.11 1.75 23.52
5.02 1.43 23.90
4.92 1.73 26.36
5.12 2.01 26.15
5.08 1.83 24.25
5.03 1.80 23.83
5.53 1.38 24.77
4.79 1.70 23.78
5.56 1.81 29.07
5.83 0.82 26.90
5.02 1.56 26.90
4.49 1.82 21.37
4.76 1.63 25.54
4.11 2.34 21.61
4.89 1.51 24.06
4.78 1.90 23.82
5.53 1.39 28.75
5.31 1.42 26.41
5.49 1.28 26.33
5.70 1.40 26.92
4.94 1.41 26.66
5.38 1.43 26.40
5.20 1.37 24.03
4.72 1.66 22.41
4.36 1.93 24.84
4.65 1.73 21.24
4.98 1.56 28.41
4.49 1.79 25.24
4.88 1.97 23.50
4.14 2.47 18.43
3.97 2.39 20.94
4.00 2.44 22.56
4.06 2.55 22.47
4.29 4.33 22.51
4.18 4.15 20.34
4.55 4.25 20.75
3.99 4.61 19.22
4.57 4.69 22.75
3.08 4.77 18.06
5.22 5.33 25.87
4.32 5.31 24.31
3.42 5.12 17.06
3.25 4.72 16.30
3.74 4.33 16.81
3.57 3.91 17.34
3.91 3.75 15.91
4.20 5.13 19.40
4.11 3.67 18.82
4.64 3.92 20.13
3.76 4.79 20.30
4.07 4.24 19.15
4.36 4.41 23.32
4.65 5.37 25.24
3.86 5.06 21.34
3.24 4.67 14.12
4.45 4.71 21.38
3.72 4.20 16.63
3.69 4.82 18.03
3.65 4.38 16.74
3.56 5.35 17.40
4.06 4.86 19.59
4.09 5.50 21.11
3.69 4.94 20.37
4.40 4.89 23.61
3.52 4.93 16.48
3.94 5.20 22.04
4.06 4.48 19.72
4.15 4.97 20.82
3.55 5.18 18.66
3.78 3.83 16.75
4.01 3.95 17.37
4.91 4.98 23.61
4.08 4.52 19.27
3.99 5.14 22.10
4.50 4.29 18.21
3.61 4.37 14.47
4.07 4.09 18.98
4.28 3.80 21.00
5.61 2.52 23.00
4.96 3.31 22.40
5.45 3.53 23.94
4.66 3.92 19.47
5.66 3.19 23.01
5.07 2.60 25.72
4.93 3.99 19.45
3.76 4.46 18.27
4.70 5.26 24.74
4.73 5.05 23.81
4.54 4.47 22.53
4.34 4.71 20.88
4.49 5.13 23.60
4.67 3.05 22.24
4.66 4.10 21.77
4.88 4.65 23.37
4.81 4.33 23.08
4.17 4.91 23.37
5.11 4.35 25.37
4.23 4.48 22.03
3.96 4.91 21.94
4.58 3.63 17.20
5.11 4.91 24.13
5.19 3.44 21.14
5.56 4.09 26.99
4.66 2.51 21.04
5.10 2.41 23.75
4.47 3.78 19.76
4.52 3.04 20.83
4.94 3.36 22.65
5.07 2.77 21.00
4.83 3.21 23.61
5.83 1.53 25.52
5.36 2.32 21.44
6.04 2.69 25.74
5.79 2.37 25.85
5.50 2.26 28.60
4.97 3.07 22.42
5.62 3.28 21.77
4.36 4.17 20.84
6.43 3.06 28.07
5.14 2.62 21.82
5.21 3.67 23.76
5.58 2.05 27.23
5.99 2.44 27.37
5.63 2.37 23.50
6.10 1.75 29.55
6.46 2.26 28.73
6.71 2.03 30.47
4.86 2.73 22.68
4.63 2.39 21.24
6.09 1.85 29.99
6.68 1.82 32.08
6.09 2.70 26.74
5.74 3.52 26.99
6.12 3.14 29.29
6.03 2.98 26.00
5.67 3.54 24.96
4.76 3.39 21.49
5.49 2.25 24.91
6.28 2.76 29.18
4.86 1.96 26.62
5.56 2.26 25.12
5.11 1.79 22.89
4.92 2.63 25.31
5.54 1.95 24.57
5.67 2.08 26.59
4.85 2.70 22.16
4.68 2.94 22.13
4.93 3.02 21.50
5.08 2.69 23.12
5.22 2.27 26.80
4.80 3.23 20.88
5.61 3.24 25.88
4.89 2.34 22.99
5.22 2.66 26.53
4.87 2.30 21.47
5.34 3.78 25.26
4.78 2.67 24.78
4.94 2.57 23.84
5.71 1.43 27.94
5.19 2.81 27.05
5.54 1.98 27.80
5.34 2.34 23.07
4.87 2.88 19.48
4.65 3.78 21.68
5.73 2.50 25.10
6.77 1.80 30.24
6.91 2.03 33.21
5.62 4.47 27.66
5.90 1.52 26.78
4.80 2.48 19.31
6.12 1.88 26.99
4.78 2.43 21.46
3.57 4.53 19.88
3.87 4.33 18.74
4.52 4.22 20.53
4.58 4.33 21.89
4.19 4.44 21.21
5.86 5.38 28.53
4.75 4.76 24.90
5.10 4.18 25.55
4.70 3.82 23.40
5.24 5.17 28.00
4.13 4.30 18.57
4.23 3.64 20.66
4.98 4.02 25.50
3.15 5.49 19.68
4.12 4.84 23.97
3.38 4.71 16.48
3.91 4.42 22.10
4.16 4.46 21.32
3.69 4.57 20.04
3.82 5.22 18.46
4.46 3.31 20.41
4.09 3.14 23.04
5.62 3.14 26.31
4.18 3.16 17.82
4.38 3.88 19.12
3.70 3.72 18.63
4.48 3.27 21.84
5.10 2.95 22.44
4.19 3.32 17.68
3.88 3.12 19.22
5.09 3.38 24.58
4.74 3.65 23.16
5.13 3.60 24.02
4.44 4.07 23.15
4.00 3.43 19.42
4.87 3.32 23.00
4.59 3.60 22.31
3.85 3.81 18.56
4.31 3.39 18.84
4.95 4.43 24.88
5.63 3.30 23.68
4.26 3.65 18.97
4.58 3.33 18.76
6.25 3.27 24.97
5.69 2.40 24.22
6.55 3.33 23.93
6.83 3.63 28.05
5.71 5.08 30.38
5.66 5.57 28.01
5.22 3.81 20.55
5.68 4.44 25.28
4.84 5.63 26.26
4.95 4.20 23.16
5.05 4.89 25.89
4.28 4.46 18.55
4.94 3.93 22.77
5.42 2.53 26.89
4.83 1.88 22.61
6.08 1.34 26.67
6.23 2.87 27.03
4.49 3.28 20.14
5.00 3.12 23.31
5.93 2.84 25.13
5.70 2.51 23.75
6.29 1.31 30.40
5.88 1.44 28.25
6.04 1.24 28.17
5.25 1.61 27.46
6.75 1.51 32.47
6.34 0.85 30.61
5.31 1.36 27.21
5.43 1.31 25.16
6.14 1.15 31.29
5.96 1.35 32.30
5.86 1.39 27.37
5.63 1.44 27.73
5.18 1.92 26.32
6.59 1.63 29.28
5.36 1.68 26.25
6.66 1.12 35.65
6.09 1.03 31.13
6.66 1.26 33.47
6.56 1.23 34.17
6.14 1.12 32.07
6.06 1.22 31.15
6.31 1.34 30.11
6.63 1.49 33.37
6.20 1.79 30.93
6.17 1.26 30.72
6.28 0.89 31.01
6.16 1.03 30.84
6.15 1.23 27.50
5.42 1.60 27.31
5.90 2.05 25.68
6.46 1.75 31.53
5.55 2.12 24.88
5.93 1.14 26.14
6.26 2.49 25.67
6.49 2.87 30.24
6.11 2.01 27.54
5.13 1.79 24.10
5.48 3.83 24.12
6.13 2.43 27.94
6.52 2.02 27.07
5.28 2.24 24.41
7.25 2.45 31.19
6.02 1.52 29.61
6.14 0.92 30.30
5.66 1.39 26.22
5.62 1.44 26.78
5.11 1.56 24.73
4.58 1.91 22.22
4.82 1.57 22.06
6.16 1.31 29.00
5.40 1.84 26.83
5.38 2.17 25.96
6.09 1.13 29.87
6.08 1.45 30.61
5.83 1.65 27.38
5.69 1.85 25.58
6.01 0.92 30.68
5.34 1.58 25.01
5.43 1.82 25.31
5.75 1.47 26.12
5.86 1.20 28.06
5.43 2.73 24.40
5.73 1.93 23.82
5.93 2.06 26.19
5.73 1.36 27.40
5.42 1.30 27.27
5.82 1.15 26.85
6.08 1.10 31.17
5.84 1.07 30.15
5.22 1.57 25.54
6.04 1.79 27.65
4.57 1.91 22.93
5.77 1.30 28.53
5.83 1.34 32.41
5.57 1.37 26.68
6.15 1.70 26.49
5.59 2.12 24.41
5.32 1.97 23.24
4.87 1.96 23.77
5.23 1.46 26.18
4.98 2.06 23.55
5.05 2.46 22.24
5.72 4.03 22.81
5.61 1.87 24.10
5.84 2.75 25.01
5.21 2.78 20.61
5.41 2.23 25.57
5.49 2.76 24.91
4.91 3.62 22.96
5.32 2.20 23.73
4.62 2.58 21.48
4.95 2.67 22.53
4.36 3.10 19.43
5.45 1.66 24.93
6.21 1.68 27.02
5.63 2.58 26.06
5.64 2.35 24.86
6.05 1.80 28.94
6.20 1.26 26.86
5.89 1.41 25.02
5.81 2.82 25.53
6.65 2.51 31.33
6.14 1.90 26.88
5.55 2.22 25.46
5.73 1.87 27.87
6.11 1.44 28.00
6.68 1.53 29.76
4.67 4.21 20.21
4.95 3.60 18.59
5.82 3.19 26.31
4.89 2.41 20.24
5.39 3.36 22.52
5.80 2.47 25.57
5.08 4.88 21.24
4.95 4.92 22.54
5.84 4.49 27.93
5.34 2.50 25.69
5.32 3.80 23.59
5.55 4.35 24.85
6.18 3.72 24.04
6.10 3.66 24.99
6.31 3.71 25.39
6.26 4.89 30.42
5.99 4.48 27.83
5.79 3.63 26.76
5.74 2.77 26.48
4.69 2.16 23.95
5.71 2.39 26.49
6.51 2.18 29.55
7.21 3.36 31.87
6.13 3.09 25.15
5.30 2.94 23.24
4.17 3.75 21.20
4.69 2.65 22.85
4.78 3.73 21.01
5.14 4.05 22.44
4.26 3.64 20.97
4.82 3.62 22.34
5.40 3.35 25.25
4.84 3.28 20.16
4.64 3.65 19.84
4.98 3.10 20.87
4.49 2.72 20.73
4.79 2.50 21.94
5.60 1.95 21.90
6.86 1.86 31.89
5.59 2.24 24.08
5.23 2.16 23.14
5.97 2.43 23.64
5.04 1.52 25.21
5.12 2.10 24.04
5.34 1.90 22.77
5.63 2.10 24.66
6.19 2.29 28.26
6.67 2.05 28.15
5.55 2.56 23.14
5.92 2.19 25.36
4.76 2.60 21.42
5.67 2.60 24.92
5.58 1.70 23.64
5.10 2.06 22.65
5.33 2.82 22.67
5.36 2.30 26.07
6.05 2.34 28.16
5.92 2.28 25.95
5.24 2.26 24.33
5.15 2.59 22.14
5.72 2.09 25.06
6.33 2.21 28.74
5.84 1.69 27.31
5.95 2.20 27.46
6.15 2.01 27.97
6.70 1.95 32.32
5.77 2.59 29.07
6.18 2.72 31.49
5.31 3.47 25.57
5.79 1.93 27.57
5.22 2.23 25.04
5.79 1.96 26.27
5.63 2.55 23.82
5.87 2.10 27.43
6.20 2.64 26.45
5.24 2.36 22.90
5.28 2.35 25.35
6.25 2.66 29.51
5.54 2.26 25.98
6.44 2.02 28.82
5.96 1.97 28.01
5.53 2.51 25.57
5.64 2.76 23.69
6.76 2.17 32.84
6.60 1.57 31.92
6.07 1.77 29.51
6.93 2.22 32.29
6.09 1.83 28.01
6.34 2.07 30.36
5.46 1.94 26.96
6.78 1.90 34.08
6.23 2.38 30.48
6.54 2.26 29.60
6.89 1.90 31.86
6.96 1.89 32.07
6.39 1.75 28.49
6.52 1.57 31.01
6.29 1.75 29.39
6.01 2.28 27.17
6.08 1.64 28.88
6.67 3.23 27.55
6.97 2.34 32.88
6.43 2.45 32.77
6.30 2.06 28.93
6.46 1.71 31.85
5.55 2.15 27.88
5.82 2.53 28.69
6.19 1.52 30.33
6.18 2.00 25.90
4.77 2.57 21.93
4.66 2.51 25.47
5.41 2.58 27.30
5.42 2.65 24.76
4.99 4.16 24.67
5.00 3.29 25.14
5.39 2.65 24.10
5.83 2.69 29.11
4.74 3.00 25.75
5.13 2.49 27.80
5.69 2.56 29.95
4.76 2.61 25.48
5.15 2.62 24.75
4.62 3.09 22.68
5.26 2.51 26.39
4.85 2.55 22.19
5.01 2.98 21.93
5.19 3.04 25.33
4.94 3.12 23.85
4.96 2.92 20.40
4.66 2.73 24.85
6.07 2.66 27.18
5.67 2.69 25.27
4.98 2.74 23.60
4.54 3.78 22.75
3.94 3.60 20.66
4.97 2.19 24.30
4.55 3.40 22.23
4.04 3.97 20.53
4.56 3.06 26.89
4.57 2.97 22.94
5.36 2.79 24.15
5.01 3.34 24.07
5.61 3.21 26.32
4.65 3.40 22.89
4.52 2.99 23.13
5.08 2.79 25.77
5.47 2.52 25.03
5.37 2.13 25.12
6.25 2.72 24.79
4.96 3.43 24.17
5.81 2.29 28.67
4.90 3.14 24.29
4.58 3.36 22.57
4.73 2.79 25.30
5.08 2.74 22.96
5.31 4.15 29.38
5.75 2.94 28.77
5.54 2.96 26.70
4.74 3.14 26.36
3.91 4.20 23.69
4.99 3.40 27.03
4.27 3.06 27.05
4.56 3.42 26.75
4.75 3.63 25.70
4.26 3.69 25.12
4.43 3.30 24.05
4.00 3.73 23.53
4.37 3.63 23.95
