6.52 1.01 34.11
6.39 0.88 32.70
7.11 1.63 40.44
6.25 1.12 34.72
5.94 1.00 30.78
5.20 1.80 30.25
6.46 1.28 33.27
5.93 1.26 26.48
5.49 1.28 29.80
5.65 1.74 32.54
5.95 1.50 29.63
6.11 2.18 29.57
4.65 2.53 20.87
5.40 1.77 26.26
7.58 2.34 35.78
6.78 2.41 30.15
6.20 1.58 30.82
6.61 1.48 33.53
5.64 2.15 24.35
4.49 2.89 18.94
4.49 3.00 17.44
4.11 3.40 20.46
5.36 1.83 25.73
6.20 2.81 29.08
5.23 2.64 29.31
5.94 2.80 26.93
5.94 1.87 27.35
6.38 3.33 26.00
6.80 3.59 28.87
6.62 1.60 29.38
5.67 2.43 24.94
5.27 1.86 25.74
5.41 3.56 25.07
5.92 3.10 25.94
5.81 2.66 26.52
6.25 2.08 29.22
6.11 1.07 29.45
5.00 1.67 30.21
5.81 1.19 31.88
6.26 1.33 35.73
5.53 1.52 29.07
5.36 1.42 32.01
5.13 1.68 30.34
6.18 1.17 33.09
6.44 1.38 36.60
6.84 1.58 39.53
6.98 1.45 37.97
6.55 0.98 34.15
6.96 1.54 34.75
7.30 1.67 39.58
5.98 1.05 32.31
6.42 0.88 33.04
6.13 1.27 31.24
5.22 1.66 31.01
5.06 1.64 30.00
6.32 1.05 35.44
6.57 1.26 38.00
6.98 1.35 36.73
6.41 1.10 32.23
6.84 1.24 35.43
6.38 1.06 34.45
6.49 1.12 33.18
6.24 1.09 30.55
6.01 0.91 30.85
5.46 1.66 25.48
6.10 0.93 32.67
6.15 1.05 32.26
5.93 0.91 31.55
6.20 0.86 31.68
6.82 1.22 35.59
6.31 1.02 32.25
5.98 1.63 32.89
6.02 1.01 34.08
5.49 1.49 29.69
5.78 1.95 27.56
5.81 2.97 28.16
7.28 1.74 34.40
6.38 1.68 25.24
7.07 1.77 31.10
6.60 1.29 32.82
5.79 1.30 27.80
6.13 1.23 29.84
6.09 1.68 30.77
6.33 1.56 28.99
6.79 2.21 34.11
6.39 2.81 26.40
5.34 2.37 22.51
5.59 2.28 23.99
5.30 1.68 26.14
6.51 3.49 26.68
6.54 2.20 25.47
5.98 1.38 28.43
5.80 1.93 27.60
5.92 1.79 29.40
5.89 2.06 28.42
5.59 2.14 29.52
4.66 2.72 20.40
6.09 1.37 29.18
6.23 1.61 26.47
6.06 1.78 25.03
6.44 1.95 28.66
6.21 1.82 26.00
4.83 3.34 21.29
5.06 2.98 23.40
6.09 2.01 25.87
5.07 3.14 17.64
5.08 4.06 23.03
5.26 3.88 21.96
7.17 2.04 32.32
6.66 2.60 25.82
6.39 2.30 28.63
7.01 2.62 29.07
6.31 1.35 33.24
6.09 1.93 34.83
7.53 2.31 39.21
5.53 1.76 31.71
6.07 1.25 31.42
6.26 1.59 35.09
6.01 1.99 35.76
6.54 1.27 34.90
6.72 1.64 38.24
6.45 1.45 34.16
5.97 1.35 34.06
6.50 1.74 36.82
6.57 1.69 36.07
6.62 1.71 37.52
7.05 2.34 35.50
6.56 1.44 36.34
6.87 1.40 37.74
6.97 1.59 37.86
6.23 1.45 36.61
7.00 1.40 38.27
7.04 1.47 39.14
6.50 1.37 36.58
7.09 1.68 41.60
6.98 1.60 40.48
6.93 1.38 37.66
6.27 1.46 33.11
5.75 1.39 30.98
6.61 1.29 34.12
4.81 2.09 25.26
6.03 1.20 31.98
6.14 1.31 35.19
6.46 1.27 32.16
7.07 1.92 36.17
7.04 1.93 36.77
6.44 1.61 34.80
6.69 1.57 34.82
6.86 1.85 37.47
6.27 1.47 34.01
6.39 1.61 33.93
6.73 1.33 37.54
6.87 1.57 33.34
6.63 1.76 33.51
6.90 1.64 38.40
6.40 1.82 36.78
6.20 1.17 34.59
6.80 1.53 37.21
6.61 1.47 33.28
6.20 1.51 30.70
6.03 1.78 34.78
7.30 1.83 37.59
6.40 1.64 30.68
5.78 1.38 30.63
5.86 1.35 28.66
5.96 1.24 30.78
6.69 1.37 32.66
6.80 1.67 34.24
7.15 2.29 36.07
6.16 1.73 36.98
6.96 1.94 33.64
6.54 1.63 34.18
6.20 2.04 32.32
5.80 3.36 27.46
6.56 2.45 30.40
7.00 2.99 33.09
6.02 2.46 30.53
5.04 3.52 26.83
5.70 2.84 30.97
5.95 1.64 28.73
7.60 2.28 36.02
7.51 2.46 35.35
6.86 2.07 32.20
5.83 1.59 30.42
6.45 1.93 30.35
5.99 1.58 27.31
5.27 1.44 23.21
6.23 2.20 29.50
6.49 2.17 30.15
5.72 1.46 26.05
5.57 1.66 29.88
7.28 1.82 37.43
5.84 1.38 29.91
6.97 1.43 36.86
7.02 1.40 36.26
6.50 1.14 38.02
6.79 1.06 33.66
6.53 0.82 33.72
6.31 1.11 33.13
5.92 0.87 30.26
5.82 0.64 28.64
6.47 1.18 27.95
6.89 1.52 28.93
6.52 1.17 30.50
7.05 1.69 30.16
6.31 1.41 31.91
6.37 1.30 32.20
6.01 1.67 29.43
4.35 2.58 22.49
3.89 3.92 24.94
2.74 4.12 14.78
2.76 4.32 15.53
2.02 4.61 10.96
2.10 5.15 12.74
2.01 4.97 9.48
1.76 5.74 10.99
2.71 3.98 16.62
2.71 4.29 15.48
2.21 4.58 13.98
1.51 6.07 7.25
1.62 5.46 7.52
1.71 5.61 9.18
1.87 5.45 11.27
2.22 5.43 11.00
2.94 3.83 16.65
2.00 5.37 11.41
2.31 5.51 14.70
2.15 4.82 11.33
2.11 4.82 11.42
2.27 5.35 12.25
2.05 5.90 7.81
1.47 5.61 4.64
2.76 5.77 13.35
2.48 5.81 14.16
2.62 5.28 15.05
2.60 5.75 12.26
2.68 6.24 10.87
2.23 5.58 10.20
2.43 5.64 12.51
2.57 5.02 13.12
3.05 4.08 17.24
2.73 4.23 14.92
2.70 4.34 13.45
2.53 4.78 13.85
3.05 3.86 12.57
2.14 5.25 11.44
2.95 4.26 15.73
2.98 4.45 15.87
2.98 4.49 16.61
2.60 4.45 15.40
2.82 4.74 13.50
2.29 5.21 13.37
3.55 3.53 17.66
3.67 3.85 22.22
2.38 4.64 13.67
2.99 4.06 17.47
2.28 4.77 12.63
1.96 4.94 13.02
3.31 3.73 16.85
3.23 3.94 19.89
3.12 4.15 18.46
3.47 4.15 19.49
3.17 4.39 20.04
3.53 4.38 18.79
3.16 4.25 18.56
3.12 4.06 19.08
2.67 4.41 16.61
3.09 3.97 19.20
3.30 4.25 19.83
2.81 4.34 16.47
3.44 4.06 22.39
2.98 3.95 15.87
3.07 3.91 12.54
2.35 4.75 10.76
2.42 4.59 12.44
1.63 5.75 8.24
1.71 5.71 8.55
1.76 5.85 6.75
1.92 5.59 8.00
1.81 5.54 9.82
1.60 5.42 8.26
2.28 5.13 11.48
1.74 5.13 8.10
1.77 5.48 9.28
2.13 6.40 10.21
2.13 5.20 12.89
2.12 5.34 11.65
2.53 5.62 16.50
2.25 5.80 7.58
1.61 6.02 5.91
1.97 5.94 8.66
1.66 5.70 8.33
2.31 4.90 13.16
2.39 6.16 10.58
2.04 5.21 10.63
2.10 5.79 12.16
2.80 4.93 18.69
2.35 5.46 12.56
2.19 5.56 8.61
2.53 6.12 11.08
2.27 5.45 11.09
2.01 6.18 6.78
1.88 6.22 8.05
2.07 6.14 7.49
1.96 5.66 7.79
2.27 5.04 12.88
2.24 5.70 11.06
2.23 5.21 14.68
2.14 6.02 8.86
1.77 5.77 9.42
2.03 5.65 10.84
1.79 5.87 9.42
2.46 4.93 15.62
2.20 5.94 11.76
2.51 6.38 13.69
2.75 5.64 18.96
2.60 5.97 16.28
2.39 5.71 14.98
2.37 6.70 13.23
2.46 6.55 14.23
2.06 6.05 12.84
2.34 6.71 12.16
2.24 7.08 10.41
2.38 6.31 14.52
2.56 7.04 12.14
2.13 6.67 9.56
2.17 6.26 11.03
2.22 6.14 13.40
2.62 6.69 13.68
2.78 6.73 14.47
2.17 6.31 11.89
2.63 6.75 13.41
2.58 6.97 15.11
2.40 6.03 15.37
2.54 6.49 14.15
2.40 6.73 11.06
2.38 6.13 12.25
2.55 6.60 12.81
2.54 6.58 12.04
2.29 6.28 12.79
2.11 6.44 9.55
2.60 6.04 13.79
2.35 6.39 11.79
2.37 6.18 13.58
2.38 5.94 12.75
2.69 5.84 17.01
2.44 6.16 13.68
2.46 6.03 14.00
2.78 5.60 19.04
2.04 6.01 11.42
2.13 6.27 10.20
2.76 6.71 16.17
2.68 6.31 15.80
2.99 6.05 18.35
3.02 6.09 17.14
2.74 6.30 19.66
2.80 6.13 17.69
2.73 6.17 16.54
3.42 7.05 16.40
2.83 5.83 20.01
2.40 6.59 12.51
2.48 6.39 14.68
2.23 6.26 12.05
2.45 6.11 14.67
1.95 5.99 10.63
3.12 6.34 18.47
3.00 5.71 21.00
2.78 5.55 16.83
2.84 5.43 18.05
3.06 6.13 20.74
2.27 6.65 10.49
2.24 6.20 13.07
2.54 6.00 16.98
2.42 5.34 15.28
2.83 5.81 17.93
2.84 4.88 19.69
2.38 5.31 15.64
2.40 6.46 13.38
2.46 6.01 15.24
2.98 5.63 19.06
2.74 6.77 15.68
2.55 6.16 16.32
2.51 6.07 16.47
2.75 6.47 17.00
2.93 6.17 16.49
2.80 7.13 10.96
2.60 6.42 15.98
2.34 6.36 12.40
2.64 6.27 15.67
3.01 6.71 17.03
2.74 6.57 14.35
2.77 5.93 18.78
2.89 6.02 18.80
2.74 6.41 14.97
2.81 6.47 16.61
2.98 5.57 19.64
2.74 5.81 17.83
2.47 5.78 16.75
2.47 5.47 13.72
2.10 5.81 11.69
2.28 5.74 13.93
2.52 5.70 14.47
2.13 5.77 12.23
2.32 5.45 11.89
2.14 5.94 14.11
2.31 6.30 12.57
2.23 5.77 13.96
2.11 5.85 11.38
2.19 5.67 15.19
2.14 6.10 12.12
2.17 6.20 12.88
2.51 6.31 17.10
2.35 5.58 14.52
2.67 5.84 17.88
2.84 4.95 18.95
2.51 5.55 16.61
2.49 6.11 16.49
2.54 5.35 16.06
2.69 4.97 17.67
2.86 4.76 18.00
2.49 5.32 15.42
2.89 5.88 18.32
2.97 5.81 18.19
2.70 5.12 18.76
2.82 5.37 16.93
2.93 5.63 16.97
2.95 5.40 18.72
2.99 5.73 20.79
2.66 5.54 15.60
2.95 5.33 18.71
3.01 5.21 18.69
2.89 5.00 18.65
2.80 5.40 15.72
2.45 5.69 13.05
2.42 5.42 14.74
2.60 5.31 14.98
2.45 5.76 11.93
2.33 5.92 10.96
2.54 5.72 15.37
2.36 5.57 12.09
2.48 5.35 15.81
2.85 5.52 17.42
2.36 5.58 12.33
2.78 5.36 18.02
2.93 5.04 17.37
2.59 5.96 17.04
2.51 6.13 15.56
2.57 5.95 16.65
2.72 5.55 17.05
2.76 6.17 15.46
2.82 6.36 18.09
2.95 5.41 18.05
2.69 5.59 15.79
2.61 6.07 16.09
2.43 5.79 15.18
2.96 5.73 19.26
2.89 5.64 19.78
2.76 6.13 17.06
3.23 5.52 20.20
2.57 5.62 17.03
3.28 5.74 20.63
2.96 5.81 17.77
2.92 5.68 18.93
2.79 5.75 16.51
2.99 5.92 20.31
3.11 5.74 20.14
3.46 6.29 21.12
3.48 5.58 23.51
2.92 5.63 17.98
2.98 4.90 18.88
2.24 5.33 14.33
2.68 5.37 15.98
2.65 5.85 16.57
3.24 5.31 20.22
3.02 5.09 18.90
2.99 5.65 18.77
3.06 5.78 18.43
2.86 5.69 17.64
3.29 5.75 20.33
3.35 5.65 21.48
2.72 5.91 15.79
3.41 6.25 18.41
2.96 5.87 19.42
2.65 5.67 16.50
2.97 5.69 20.46
3.00 5.88 16.78
2.80 6.17 15.96
2.69 5.23 18.71
3.18 6.05 19.72
2.78 5.75 17.93
3.00 5.66 17.81
2.81 5.47 14.55
3.14 4.79 21.49
3.02 4.96 19.93
2.97 6.14 18.21
2.76 5.54 17.81
3.28 5.92 20.65
3.11 6.20 17.40
3.00 5.95 20.34
2.93 5.50 18.44
3.19 5.76 20.60
3.12 6.07 18.31
3.29 6.05 18.63
3.07 5.69 19.69
3.20 4.89 20.91
2.87 5.71 16.51
3.07 5.94 14.70
2.64 5.64 17.05
2.97 6.11 18.77
3.16 5.92 19.25
2.84 6.39 17.20
2.82 5.97 18.14
2.99 5.85 19.98
2.69 5.70 17.28
3.14 5.33 21.58
3.23 5.79 18.00
3.22 5.56 19.88
3.16 6.06 13.88
2.85 5.55 17.88
3.06 5.17 18.70
3.22 5.34 20.87
2.80 5.43 15.73
3.04 5.59 19.01
3.12 5.19 20.89
3.14 6.14 20.80
2.95 6.13 19.64
2.98 5.26 19.58
3.73 6.76 16.84
2.90 5.49 15.53
3.23 6.17 11.61
3.45 6.50 9.09
3.40 6.33 12.31
3.67 6.04 18.38
3.59 5.89 16.41
3.02 5.77 10.58
3.32 6.37 9.26
2.78 6.27 10.10
3.37 7.26 8.98
2.89 6.57 6.85
3.23 5.98 12.93
2.96 6.38 10.59
2.98 6.78 7.67
2.96 6.14 11.94
2.73 6.87 5.79
2.66 6.20 9.09
3.41 6.86 11.76
2.72 6.60 13.24
3.10 6.59 11.15
4.78 8.05 14.64
3.93 7.11 11.32
3.72 6.77 11.62
3.09 7.03 5.16
3.63 7.71 9.51
3.19 6.93 6.99
3.87 7.29 15.12
3.39 7.22 4.06
3.75 6.86 10.87
3.71 7.47 11.57
3.12 6.84 5.06
3.07 6.98 3.40
3.57 7.36 4.42
4.20 7.22 11.69
3.81 7.26 11.92
3.37 6.49 9.87
3.67 6.41 11.58
2.92 6.91 2.07
3.57 7.11 8.01
3.18 6.67 3.98
3.82 7.24 10.26
3.98 7.02 12.75
3.64 6.66 9.61
4.11 6.98 13.62
3.73 7.34 13.01
3.63 6.25 12.45
3.74 6.42 12.09
3.37 6.32 10.92
3.48 6.71 7.49
4.26 7.58 12.54
3.83 6.87 14.39
4.17 7.63 12.00
4.53 8.31 7.17
3.84 6.76 8.37
3.76 6.61 13.08
3.99 6.92 13.62
3.66 6.85 9.06
4.02 7.55 6.63
4.61 7.54 13.48
5.04 8.71 11.39
4.17 7.48 11.25
3.87 6.87 12.96
4.07 7.25 12.37
4.22 6.97 19.18
4.11 7.16 13.20
3.84 7.21 14.32
4.03 7.43 10.66
4.61 7.58 13.19
4.83 8.19 9.57
4.73 7.70 15.80
4.79 8.01 11.81
4.99 7.76 18.86
3.92 7.29 11.58
4.65 7.60 14.68
4.75 7.89 17.31
4.11 7.96 9.80
4.80 8.42 7.97
5.54 8.89 8.31
5.18 8.43 10.50
4.86 8.08 15.50
4.75 8.17 13.44
4.98 8.37 15.73
4.72 7.69 19.08
4.68 7.74 17.58
4.85 8.37 14.61
4.80 8.14 15.14
5.02 8.63 15.95
4.93 8.55 14.61
5.12 8.55 14.69
4.74 7.90 17.12
4.41 7.52 15.29
4.85 7.83 18.37
4.27 7.52 16.55
4.53 7.60 15.74
4.69 7.72 15.53
4.78 7.69 19.73
5.00 8.37 15.79
4.27 7.08 19.76
4.48 7.76 16.10
3.51 6.52 13.68
4.12 6.95 14.17
3.54 6.25 12.81
3.23 6.48 10.10
3.59 8.13 4.87
4.37 7.29 12.55
4.35 8.03 9.17
4.43 7.80 10.01
3.66 7.65 5.59
3.69 7.83 4.03
3.51 7.70 7.84
3.72 7.65 6.09
4.10 7.99 3.96
4.13 8.38 4.66
3.21 7.31 6.09
3.70 5.41 12.53
3.86 5.86 11.54
3.83 5.98 11.25
4.04 5.21 13.83
4.14 5.52 14.29
3.56 5.72 10.03
3.63 5.14 8.37
4.03 4.78 12.81
3.91 5.39 14.18
3.78 5.86 8.20
3.91 4.89 12.62
3.54 6.23 10.55
4.05 5.39 13.46
3.78 5.22 10.86
3.97 5.71 11.49
4.45 5.16 16.12
4.19 5.12 14.77
4.18 5.00 13.95
3.65 5.77 8.59
4.25 5.20 16.49
3.75 6.11 9.28
3.08 6.13 5.79
4.15 5.75 12.40
3.90 6.07 7.24
4.27 5.15 16.22
4.08 5.40 13.25
3.63 5.13 8.32
4.34 5.24 13.35
4.08 4.99 13.67
3.55 6.19 7.05
4.29 6.27 12.22
4.07 6.58 5.22
3.91 7.16 3.18
4.43 7.88 2.72
4.07 6.95 4.69
4.17 7.40 3.58
4.27 7.26 4.11
4.21 7.40 5.43
3.89 6.65 3.36
4.24 7.11 4.80
4.06 6.96 5.97
4.16 6.82 7.56
4.38 7.18 9.93
4.15 6.29 7.89
3.70 6.41 10.64
4.07 7.17 8.99
3.73 6.58 12.13
4.09 6.73 10.07
3.64 6.33 8.37
3.90 6.40 7.66
4.50 7.53 5.51
4.53 7.94 7.80
4.50 7.51 9.30
3.76 6.36 3.63
4.16 7.50 6.00
4.04 6.55 5.15
4.06 7.24 4.71
4.17 7.23 8.66
4.07 6.90 7.19
3.95 6.67 6.60
4.11 6.86 6.80
3.92 6.51 4.64
4.18 7.10 6.04
3.95 6.81 2.97
3.91 6.81 4.00
4.03 6.27 5.36
3.70 5.94 3.34
4.13 6.83 6.59
4.56 7.66 5.07
4.17 7.10 4.59
4.00 7.08 3.25
3.67 6.70 2.73
3.88 6.62 7.29
4.03 7.04 5.54
3.81 6.78 4.25
3.99 7.02 3.76
3.90 7.01 5.83
3.92 6.56 5.58
4.42 7.25 5.99
4.49 7.35 7.73
4.02 6.85 4.09
3.87 6.63 3.40
3.98 6.97 3.76
4.37 7.17 6.89
3.51 6.38 4.64
3.74 6.63 1.33
4.27 7.25 3.17
4.33 7.84 5.81
4.21 7.00 5.50
4.50 7.80 7.24
4.24 7.68 7.95
3.80 6.30 4.96
4.05 7.18 4.31
4.49 7.89 7.10
4.34 7.33 1.38
4.41 7.69 5.67
4.08 7.28 2.74
3.90 6.32 4.13
4.34 7.66 3.60
3.73 6.18 7.08
3.70 6.33 5.05
4.16 6.61 4.93
3.81 6.66 3.52
3.72 5.87 6.35
3.68 5.64 7.31
3.94 6.43 3.86
4.18 7.25 4.01
3.90 6.28 6.19
4.08 6.90 4.99
4.06 6.68 4.95
4.01 6.97 0.15
4.01 6.55 3.82
4.09 6.67 1.21
4.15 6.17 3.26
3.53 6.10 4.55
4.08 6.95 1.85
4.19 6.86 2.47
4.02 5.85 8.21
3.85 6.00 5.43
3.77 6.00 4.20
4.16 6.78 4.84
3.59 6.60 6.74
3.86 5.83 8.94
4.00 6.38 2.65
3.83 5.83 7.05
3.75 6.94 4.62
3.91 6.16 7.31
4.30 5.96 8.87
3.93 6.47 9.18
4.03 7.18 17.25
3.92 5.70 11.79
3.83 5.93 12.19
3.70 5.91 12.02
3.95 5.78 13.26
4.01 5.86 11.23
3.91 5.43 13.08
3.98 5.78 12.66
3.99 5.92 8.05
3.89 5.57 12.10
3.92 5.15 14.81
3.92 5.96 8.35
3.78 5.74 11.40
3.95 5.61 11.63
4.22 5.75 11.14
4.08 4.76 13.42
3.93 5.24 13.79
3.84 5.84 12.62
3.92 5.58 11.28
3.91 5.12 13.29
3.79 5.54 9.41
4.12 5.17 12.71
4.15 5.65 9.72
3.84 4.68 12.33
3.83 4.65 11.16
3.67 4.69 14.03
3.68 4.84 12.23
3.53 5.83 4.98
3.47 3.99 15.48
3.10 4.40 10.20
4.03 3.90 14.54
3.42 4.27 10.88
3.92 3.78 15.99
4.09 3.75 15.52
4.01 3.32 17.84
3.43 4.32 15.78
3.64 4.12 19.22
3.71 5.01 13.55
3.16 5.11 10.02
3.67 4.20 14.80
3.97 4.69 12.95
3.82 4.86 13.11
3.88 4.76 16.31
3.27 4.63 12.27
3.88 5.04 14.14
3.01 5.10 7.74
3.11 5.16 6.51
3.26 5.28 7.81
3.76 3.68 16.54
3.50 4.33 12.42
4.25 3.96 15.64
3.88 3.77 13.40
3.47 4.05 13.72
3.33 4.79 10.99
3.17 4.75 8.29
3.44 4.45 12.69
3.50 4.31 16.26
3.73 4.09 14.12
3.56 4.42 12.33
3.87 4.24 18.63
4.09 4.71 18.03
3.56 4.67 15.45
3.46 4.30 15.84
3.92 4.37 14.70
3.41 4.79 14.52
2.77 5.40 6.10
2.54 5.87 6.25
5.08 3.57 28.01
4.02 3.96 19.81
4.58 2.65 21.16
4.58 3.49 21.35
3.45 4.27 13.50
3.63 4.49 15.44
3.83 4.57 12.56
3.59 3.95 17.19
3.05 4.54 11.80
2.96 5.15 8.91
3.27 4.40 14.67
3.63 3.80 17.27
3.76 3.75 16.62
3.66 4.23 14.41
2.42 5.10 10.12
3.64 3.89 17.20
3.07 5.06 10.45
3.03 4.87 13.63
3.40 4.24 11.20
3.74 3.99 15.21
2.73 4.83 8.42
4.42 3.86 21.27
4.66 3.44 22.44
4.74 3.54 22.40
3.84 4.13 15.88
3.71 3.68 16.05
4.34 3.29 22.16
4.44 3.56 16.62
4.72 2.74 21.28
4.83 2.94 21.10
4.63 3.56 21.98
5.01 2.92 22.32
4.46 3.60 20.76
4.60 2.76 19.36
5.20 3.30 22.00
5.04 3.00 24.15
4.37 3.22 20.30
4.09 4.13 19.21
4.90 3.49 24.37
4.34 4.79 19.74
4.58 3.67 25.12
4.93 3.31 24.60
4.56 3.26 24.50
4.25 4.09 19.36
4.57 3.64 21.76
4.78 3.18 22.48
4.60 3.59 17.69
5.06 3.38 22.89
4.74 4.01 20.06
4.96 3.31 22.12
4.27 4.18 21.58
4.24 3.68 18.07
4.76 3.07 20.96
4.28 4.07 17.37
4.48 3.78 18.08
4.18 3.93 18.46
5.38 2.22 21.13
4.96 2.42 19.54
5.10 2.85 18.62
4.84 3.30 19.73
4.70 3.76 21.74
4.09 3.95 13.16
5.06 3.76 21.65
4.66 3.66 19.94
5.14 2.81 21.89
6.04 2.26 26.15
5.63 2.49 21.18
5.56 2.51 20.72
4.91 3.06 20.70
5.18 2.69 21.12
5.57 2.31 26.27
5.05 4.01 20.89
6.10 2.15 27.02
5.44 2.92 23.29
5.24 2.75 18.82
5.56 2.50 21.64
5.02 2.59 23.11
5.62 2.58 25.25
5.65 2.29 24.10
5.34 2.68 23.54
5.59 2.29 26.15
5.60 2.49 22.72
5.99 2.75 25.12
5.24 2.10 23.21
5.65 2.51 25.29
4.96 2.52 22.78
5.26 2.45 19.98
5.27 2.29 22.75
5.11 2.91 17.87
5.87 2.50 25.18
6.24 2.37 28.12
5.49 2.50 23.23
5.63 2.10 23.90
5.69 2.55 24.62
5.61 2.37 23.94
5.35 2.66 20.24
5.71 2.31 23.53
6.35 2.45 23.17
6.12 2.15 24.49
6.15 2.55 23.15
5.71 2.45 21.69
5.75 2.34 24.22
5.67 2.49 21.50
4.92 2.56 20.61
5.58 2.73 23.86
5.32 2.23 23.69
5.45 2.61 27.54
5.67 2.26 25.11
5.07 2.85 21.02
5.80 2.04 24.02
5.04 2.71 20.92
5.42 2.54 20.66
5.27 2.96 20.61
4.22 4.41 15.96
4.40 4.03 23.15
4.44 4.35 20.79
4.37 4.10 22.22
4.12 4.87 17.98
4.46 4.18 18.52
3.92 4.53 17.90
4.64 3.74 22.28
4.24 4.78 17.71
3.95 4.90 18.50
5.09 3.70 24.87
4.63 3.53 19.92
5.15 3.08 23.43
4.39 4.13 18.00
5.02 3.74 25.71
4.76 3.97 24.03
4.53 4.37 22.77
3.36 4.03 12.28
4.19 3.66 21.03
4.71 3.56 21.54
4.79 3.11 18.97
3.78 4.01 15.60
4.15 3.38 17.93
4.18 3.60 17.69
4.65 3.17 24.35
4.49 4.34 20.86
4.74 3.75 22.33
4.21 4.05 18.41
4.60 4.02 19.76
4.28 4.60 20.27
3.67 4.37 13.42
5.25 2.89 22.52
4.99 3.21 20.72
4.12 3.89 20.16
4.26 4.29 18.93
4.47 4.21 22.07
4.56 4.08 21.03
4.53 4.39 21.63
4.80 4.10 23.96
4.99 3.60 23.94
4.35 3.88 24.30
4.55 3.72 23.00
4.05 3.71 20.02
4.86 3.79 26.63
4.77 3.54 22.65
4.82 3.45 25.15
5.05 3.62 25.35
4.76 3.71 22.54
4.38 4.06 22.24
3.99 4.09 18.84
4.27 4.43 20.96
4.11 4.33 19.23
4.64 3.97 22.70
4.23 4.14 19.06
4.40 3.69 18.75
4.58 3.49 24.44
4.32 4.17 22.99
4.20 3.56 18.89
4.86 3.55 25.44
4.58 3.20 22.22
4.59 3.27 24.97
5.73 2.43 25.75
5.11 2.98 21.25
5.76 2.24 23.13
4.64 3.49 20.74
5.12 2.73 18.63
4.61 3.42 19.31
4.02 3.92 17.41
4.86 3.33 22.55
4.58 3.17 17.33
5.02 3.05 23.92
4.40 3.67 21.56
4.19 3.98 18.73
5.23 2.43 24.05
5.01 2.75 22.80
5.11 2.56 23.24
5.13 2.98 25.27
5.04 2.58 21.98
5.05 2.51 24.72
5.17 3.10 25.03
4.91 2.45 25.32
4.79 2.84 20.09
4.93 3.22 24.54
5.01 2.52 22.48
5.47 2.28 21.41
5.76 2.35 28.77
4.79 3.27 22.12
5.10 2.98 23.17
4.39 4.00 21.15
4.59 3.63 21.33
5.40 2.38 22.34
5.41 2.19 22.29
4.73 3.38 23.46
4.99 2.61 23.76
4.68 3.42 24.06
4.76 3.95 23.40
5.49 2.55 23.66
4.42 3.55 21.76
4.90 3.18 22.91
5.20 3.34 25.70
4.24 4.19 20.57
4.49 3.25 16.93
4.30 4.08 20.57
4.62 3.40 20.08
5.10 2.62 22.61
4.20 4.22 21.63
4.75 3.00 21.38
5.15 2.71 21.03
5.04 3.65 21.92
4.55 3.12 19.44
5.57 2.71 28.82
5.23 2.61 21.84
5.08 2.60 24.75
5.02 2.59 21.55
4.77 2.72 21.78
5.07 2.61 22.24
4.82 2.86 19.94
4.48 3.33 20.44
4.35 3.28 20.65
4.06 3.55 14.57
5.09 3.87 25.52
5.03 3.68 23.43
4.62 4.34 22.44
4.84 3.62 22.49
4.83 4.36 24.45
4.94 2.95 22.29
4.98 3.72 23.16
4.62 3.49 22.24
4.72 3.78 22.37
4.66 4.01 20.95
3.96 4.37 18.62
4.81 3.87 22.05
4.16 3.54 19.70
4.55 3.56 22.22
4.92 3.16 20.94
4.33 3.23 19.06
4.79 2.98 19.94
4.98 2.91 22.22
4.77 3.00 20.91
4.65 3.46 22.33
4.37 3.88 21.93
5.24 2.95 26.31
4.27 4.07 21.41
4.68 3.55 22.98
4.49 3.66 22.13
4.54 4.11 22.95
5.67 2.36 28.69
4.11 3.59 19.88
5.09 3.16 27.05
3.84 3.89 18.84
4.57 3.59 22.18
5.57 2.83 28.70
4.27 3.82 19.23
4.47 4.09 22.55
5.42 2.45 24.93
5.05 2.69 20.50
5.36 2.53 23.48
5.37 2.05 26.45
4.57 3.06 23.11
5.10 2.92 24.16
5.15 3.29 27.34
5.01 3.10 26.19
5.01 2.94 25.23
4.83 3.09 25.09
4.74 3.46 21.31
4.48 3.54 23.27
2.96 4.10 16.50
3.39 4.13 23.02
4.11 3.59 25.37
3.17 4.67 22.71
3.71 3.96 24.68
3.10 4.43 21.20
2.90 4.76 20.46
2.97 4.81 18.24
3.11 4.49 21.01
3.42 3.62 20.70
3.19 4.41 19.28
3.32 3.94 19.41
3.06 4.60 19.05
3.03 4.48 18.80
3.50 3.79 19.49
4.61 3.85 22.40
4.93 3.41 24.41
5.05 2.95 25.07
4.32 3.67 21.08
5.43 3.39 25.51
4.18 3.83 22.12
4.62 3.89 21.08
4.84 3.77 23.07
5.15 3.17 25.38
4.54 3.70 19.14
4.63 3.96 22.34
4.31 4.12 19.71
4.90 3.33 21.52
4.80 3.39 24.74
4.90 3.52 20.05
4.80 3.35 23.45
5.00 2.81 25.67
4.68 3.82 21.75
4.50 3.37 17.46
4.62 3.47 21.39
5.25 3.10 26.73
4.69 3.72 21.54
4.80 3.82 23.98
4.62 4.01 21.21
5.26 3.36 23.61
4.88 3.29 23.28
4.84 3.03 22.00
5.01 3.78 23.22
4.60 4.60 21.19
4.55 4.09 15.97
4.55 4.52 16.75
5.52 2.62 25.85
4.78 3.17 23.34
4.97 3.37 20.18
5.00 3.72 22.59
4.60 3.41 24.56
4.72 3.36 20.25
4.87 3.66 22.22
4.21 4.00 15.74
5.26 3.43 24.37
4.88 3.08 22.01
5.27 3.28 24.73
4.22 3.94 17.84
4.38 3.91 20.92
4.83 3.18 21.62
4.97 3.35 21.86
5.30 2.74 25.11
5.15 3.62 22.38
4.43 3.48 21.90
5.23 3.51 25.10
5.07 3.64 25.48
4.54 3.42 20.51
4.92 3.06 23.91
5.38 3.30 28.07
5.68 3.01 27.60
4.73 3.61 20.93
5.44 2.45 25.19
4.43 3.14 21.23
4.67 3.55 17.51
4.55 3.54 22.12
5.15 3.90 22.84
4.67 3.90 21.11
4.84 3.96 23.86
4.77 3.79 21.01
4.01 3.65 20.13
4.15 4.43 20.21
4.30 3.87 17.40
4.46 3.14 22.06
4.03 3.90 19.14
3.85 4.44 19.84
4.29 4.63 19.10
4.23 3.86 20.48
4.67 3.20 22.39
5.33 2.34 26.77
4.83 3.67 20.72
5.11 3.28 22.60
4.99 3.58 21.90
4.83 3.80 23.92
4.79 4.62 22.33
5.09 4.08 22.84
5.10 3.94 24.54
4.61 4.09 20.63
4.95 4.31 21.96
5.13 3.67 23.66
4.90 4.12 21.62
5.07 3.72 24.62
4.41 4.13 20.89
4.92 3.94 23.72
5.19 4.06 25.08
4.86 4.11 21.76
5.22 3.70 24.38
4.71 3.58 24.00
5.54 3.79 24.88
4.59 3.84 22.16
4.72 4.25 20.96
4.73 3.75 22.49
4.71 4.25 19.60
5.03 4.21 24.79
4.76 3.69 23.41
5.11 3.47 25.02
4.96 3.76 21.81
5.57 3.22 26.62
5.08 3.82 24.90
4.47 3.68 22.10
5.22 3.50 24.73
4.85 3.56 23.46
5.08 3.26 23.70
5.13 3.32 24.25
4.97 3.69 24.58
4.43 3.90 18.68
4.77 3.72 19.22
4.72 3.59 23.35
5.06 3.54 24.61
5.10 3.48 23.27
4.60 3.73 23.44
4.39 3.77 19.27
4.60 3.73 21.62
4.96 4.27 20.69
4.61 3.59 22.08
4.32 4.24 17.28
4.34 3.55 21.61
5.12 3.75 23.59
4.99 3.54 24.57
4.39 3.86 20.64
4.77 3.69 20.00
5.12 2.99 23.94
4.79 4.12 25.38
5.05 3.47 23.76
4.46 4.17 19.19
4.28 4.00 19.28
4.64 3.83 21.04
4.13 4.26 19.64
4.49 3.54 23.36
4.49 3.54 23.07
4.58 3.84 24.95
4.28 4.27 20.75
4.65 3.48 24.23
4.87 3.46 22.45
4.64 3.69 24.63
4.56 3.79 21.68
4.99 3.40 23.99
3.79 4.64 18.21
4.36 3.90 19.65
3.96 4.42 19.15
4.75 4.15 23.63
4.40 4.11 18.63
4.60 4.24 20.96
5.54 3.36 23.02
4.39 3.67 19.12
5.29 3.26 24.60
4.54 4.46 21.18
4.99 3.63 24.42
4.53 3.82 23.76
4.55 4.27 21.64
4.82 3.87 22.76
4.55 4.38 22.17
4.57 4.73 18.61
4.54 4.33 18.70
4.96 3.66 20.93
4.55 4.43 19.22
4.72 4.36 19.45
4.22 4.73 16.12
4.48 4.25 22.37
4.72 4.74 19.00
4.78 4.39 23.64
4.41 4.29 22.69
4.26 4.36 21.09
4.65 3.98 23.01
4.63 4.09 21.32
4.55 3.99 21.37
4.63 4.52 23.42
4.63 4.20 22.08
4.73 3.52 25.42
4.44 3.97 18.54
4.74 4.19 23.70
4.74 3.52 20.41
4.03 4.82 19.90
4.15 3.81 20.86
3.77 4.10 18.36
4.60 4.02 22.82
4.44 3.86 20.68
4.49 4.17 22.32
4.28 3.86 18.44
4.46 4.15 21.90
4.15 3.62 20.25
4.53 4.10 25.95
4.33 3.54 21.61
4.52 3.30 22.94
4.42 3.48 22.71
4.72 3.00 23.77
4.72 3.69 24.64
4.56 3.28 22.17
4.93 3.17 25.01
5.16 2.87 27.81
4.87 3.77 23.62
4.22 4.96 18.56
5.17 4.14 25.56
4.86 4.51 24.77
4.89 3.93 25.79
4.48 3.85 23.65
4.27 4.50 19.63
4.66 4.07 24.05
4.41 4.22 19.19
4.76 3.76 21.13
4.53 3.85 22.92
4.00 4.12 19.88
4.96 3.91 25.72
4.61 4.30 22.47
4.74 4.00 23.45
4.05 4.26 20.41
4.43 4.20 21.42
4.09 3.98 21.03
4.38 4.79 21.84
4.59 4.16 21.60
4.41 4.17 22.79
4.74 3.60 20.23
5.06 3.71 24.10
4.20 3.71 20.29
5.09 3.55 25.78
4.17 4.65 23.24
4.94 3.87 22.73
4.53 4.51 20.40
4.59 4.20 19.68
4.68 4.44 20.85
4.41 4.38 22.19
4.73 4.36 23.01
5.00 4.22 24.88
4.72 4.18 20.02
4.57 4.26 18.60
4.49 4.10 19.93
4.92 4.34 24.19
4.51 4.84 21.21
4.33 4.65 18.71
4.24 4.55 17.48
4.87 4.25 23.46
4.58 4.88 21.08
5.34 3.79 25.97
5.28 3.87 25.38
3.43 4.76 17.02
5.04 4.12 23.99
4.27 4.00 18.35
4.77 4.22 24.28
4.65 3.96 18.81
4.49 4.88 18.62
4.45 4.21 21.62
4.42 4.30 19.45
4.94 4.32 23.83
4.94 4.37 24.46
4.09 4.51 20.55
4.79 4.38 22.62
4.62 4.00 23.78
5.07 4.20 26.44
4.60 4.22 21.91
4.95 3.77 26.30
4.65 3.97 23.27
4.77 3.61 23.71
4.85 3.39 26.97
5.03 4.27 26.84
4.89 3.82 22.88
4.73 3.75 23.46
4.60 4.08 21.66
4.57 3.70 22.10
4.28 3.86 22.31
4.79 3.94 23.50
4.38 4.21 20.13
4.11 4.72 20.68
4.95 4.30 24.36
4.33 3.82 23.15
4.23 3.72 21.96
4.91 3.73 23.65
4.28 4.38 23.60
4.84 4.05 23.42
4.45 3.89 22.84
4.50 4.06 21.30
4.58 4.36 23.15
4.39 5.20 20.21
3.92 5.07 16.33
4.41 4.50 20.58
4.31 4.96 18.64
4.22 4.21 17.23
4.69 4.29 21.30
4.35 4.91 19.93
4.28 4.84 16.41
4.83 4.84 21.41
4.45 4.66 19.96
4.51 4.95 22.21
4.54 4.67 19.88
4.64 4.51 23.08
4.58 5.03 21.86
4.62 4.24 21.24
4.29 5.31 19.06
4.15 4.79 19.98
4.48 5.16 17.15
4.28 4.92 16.65
4.68 4.55 18.71
4.39 4.57 18.38
4.48 4.21 19.43
4.19 4.48 18.15
4.72 4.71 17.88
4.14 5.12 14.92
4.32 4.94 16.98
4.58 4.98 20.47
4.56 5.02 15.46
4.39 5.30 15.70
4.42 4.69 18.88
5.45 3.89 24.73
4.63 4.00 21.18
4.83 3.81 21.98
4.57 4.54 20.98
4.76 4.58 21.48
4.44 4.70 16.95
4.63 4.21 22.27
4.04 4.38 18.33
4.23 5.06 17.23
4.34 4.90 19.08
4.63 4.23 21.97
4.73 4.25 21.01
4.58 4.22 20.96
4.90 4.54 22.64
4.25 4.30 18.98
4.56 4.25 21.04
5.68 3.68 27.46
4.87 3.74 24.65
5.33 3.66 26.99
5.05 3.72 26.77
5.43 3.55 25.59
4.73 4.19 20.91
3.96 4.23 19.62
4.04 4.41 17.72
5.10 3.85 25.98
4.96 3.82 23.86
4.61 4.33 21.27
4.36 4.25 21.31
4.55 4.56 20.31
4.23 4.46 19.72
4.55 4.15 19.84
4.70 4.86 19.99
4.54 4.71 19.43
4.56 4.17 24.33
5.21 3.69 25.78
4.45 3.93 17.79
4.90 3.65 22.25
4.86 4.30 21.56
4.72 3.89 19.77
4.63 4.07 19.58
4.36 5.22 18.25
4.32 4.72 17.57
4.24 5.23 14.78
4.42 4.56 16.32
4.68 5.00 18.75
4.58 4.38 17.64
4.17 4.73 16.50
4.20 4.66 17.57
4.13 4.40 18.69
3.85 4.88 13.36
4.17 4.67 17.41
4.89 3.98 19.05
4.46 4.21 19.37
4.91 4.08 23.63
4.45 4.05 20.26
5.05 3.99 24.39
5.21 3.69 23.81
4.71 4.30 22.77
4.09 4.79 18.77
5.02 3.71 22.53
4.20 4.64 19.64
4.98 3.84 22.62
4.27 4.65 21.87
4.89 3.69 21.17
