6.32 0.67 31.98
5.93 0.81 30.54
4.90 1.71 26.44
5.52 1.19 29.28
4.09 2.42 20.53
4.55 2.22 22.78
3.98 2.28 20.79
5.45 1.11 30.44
5.09 1.70 26.98
4.45 1.92 23.86
4.33 1.97 23.66
4.93 1.62 26.08
3.92 2.77 22.86
5.34 1.44 32.01
4.82 1.73 26.02
4.50 1.66 22.68
5.51 1.20 31.49
4.90 1.52 28.80
4.76 1.47 25.17
4.14 2.13 20.08
4.35 2.05 20.84
4.97 1.34 23.60
5.09 1.31 22.58
4.38 1.88 22.85
6.19 0.94 27.61
5.18 1.15 22.62
5.09 1.19 22.90
5.09 1.36 23.04
4.20 1.98 19.10
4.78 1.35 23.22
5.55 1.12 30.74
5.06 1.79 27.79
4.44 1.80 23.05
5.35 1.09 26.81
5.14 1.60 30.05
5.34 1.36 29.81
4.78 1.76 26.97
5.44 1.17 31.65
5.19 2.03 26.77
5.34 1.33 28.00
5.29 1.24 28.50
5.56 0.65 28.12
5.29 1.70 28.47
5.36 0.99 28.55
5.45 0.98 28.31
4.56 1.81 24.67
4.89 1.84 25.92
4.79 1.67 26.74
4.71 1.86 24.67
4.60 1.80 24.63
6.34 0.84 33.01
4.66 1.89 23.92
4.58 2.02 23.58
4.28 1.93 22.37
4.47 1.86 22.86
4.99 1.92 29.21
5.18 1.42 28.81
5.42 1.04 29.42
4.92 1.90 29.55
5.01 1.67 27.48
5.35 0.99 27.17
5.85 1.08 31.84
4.98 1.70 26.69
5.25 1.22 29.58
5.62 1.03 29.85
5.09 1.18 26.01
5.47 0.85 27.82
5.99 0.49 30.45
5.09 1.13 24.10
5.23 1.32 25.16
5.01 1.21 25.81
5.74 1.00 30.77
5.16 1.12 27.65
5.23 1.15 25.46
6.08 0.76 32.43
6.07 0.81 30.29
5.48 0.78 28.09
5.53 0.77 27.90
4.67 1.98 25.90
5.87 1.17 33.24
5.37 1.11 25.76
5.27 1.23 26.35
5.33 1.84 22.41
3.87 2.38 17.61
4.98 1.61 21.71
5.07 1.32 24.65
5.75 1.07 28.62
5.43 1.04 24.10
5.63 1.79 20.78
3.72 3.27 18.24
2.50 4.30 12.32
3.93 2.95 20.42
3.41 3.02 15.19
3.35 2.96 14.76
3.79 2.86 16.75
4.50 1.73 20.99
4.78 1.58 20.16
4.41 1.98 16.90
4.54 1.76 21.43
4.03 2.37 16.16
6.58 1.66 26.71
5.22 1.73 20.50
5.61 1.45 23.65
4.41 2.23 19.62
4.23 2.52 20.34
3.72 2.87 19.40
4.51 1.79 22.77
3.19 3.20 17.01
4.53 2.51 20.11
3.92 3.62 19.85
2.88 3.97 16.60
3.61 3.53 19.70
2.16 5.67 9.82
4.13 2.85 22.17
4.78 2.32 22.21
4.11 2.55 20.07
3.81 3.87 18.16
5.17 1.80 24.89
5.07 2.31 19.22
4.93 2.67 20.63
5.69 1.14 26.07
5.78 1.18 26.18
5.23 2.04 20.95
6.28 1.07 26.54
6.83 1.27 32.50
6.01 0.99 27.35
6.69 1.11 28.98
6.04 1.55 27.81
4.32 2.22 22.07
4.31 2.24 18.78
4.39 2.21 20.31
5.30 1.94 22.98
6.07 1.24 27.70
4.43 1.94 19.91
4.29 2.71 19.57
3.15 3.44 18.39
3.90 2.70 21.92
4.71 1.69 25.07
4.55 1.84 23.14
4.71 1.65 23.55
5.72 1.09 26.96
5.58 1.20 27.03
3.83 3.11 19.23
4.74 2.30 21.31
3.77 3.09 17.96
3.52 3.55 18.06
3.02 4.34 18.38
3.96 2.59 18.77
3.22 3.54 17.88
3.44 3.73 19.89
3.09 3.94 17.63
3.09 4.04 18.25
2.28 5.46 12.14
2.06 4.69 11.58
2.94 4.33 15.12
2.37 4.33 13.38
4.23 2.43 19.61
4.06 3.22 23.32
4.29 3.15 18.30
5.16 2.19 28.09
3.93 3.45 18.64
3.04 3.92 11.62
4.43 2.55 21.17
4.47 2.20 24.05
4.17 2.62 18.56
3.38 4.26 11.60
4.89 3.09 19.70
4.47 3.16 18.77
3.66 3.62 15.86
4.59 3.01 19.94
3.87 2.86 18.73
3.53 3.72 13.19
5.11 1.93 24.24
4.67 2.20 20.02
3.40 4.19 12.42
4.94 2.09 22.30
4.69 2.63 22.20
4.89 2.20 21.59
5.04 2.30 24.50
5.06 2.29 25.47
4.56 2.19 23.05
4.73 2.82 20.49
5.43 2.23 25.84
5.05 2.48 21.82
5.13 2.17 23.95
5.54 1.97 28.06
4.75 2.67 24.11
4.27 3.34 19.51
4.63 2.98 21.91
5.53 2.09 26.28
5.14 2.61 23.23
4.56 2.51 21.57
6.15 2.06 28.56
5.63 2.20 27.68
4.44 2.59 23.13
3.65 3.23 20.07
5.36 1.63 27.37
5.61 1.62 26.74
6.23 1.78 29.56
3.59 3.02 16.80
4.09 2.79 15.95
5.49 1.90 24.03
5.09 1.99 28.38
4.64 2.43 24.28
4.55 2.51 27.10
4.72 2.20 27.11
5.12 2.11 29.24
4.71 2.17 25.67
4.49 2.52 19.64
5.56 1.86 29.65
6.20 1.58 26.71
4.91 2.09 24.24
4.68 2.15 23.07
5.96 1.53 28.37
5.20 2.44 22.02
4.89 2.26 23.29
3.45 3.28 17.76
6.37 1.66 26.86
4.80 2.36 23.46
5.57 1.88 26.14
6.06 2.44 24.11
4.57 2.72 20.82
5.50 2.40 25.38
3.59 3.35 15.27
4.69 2.05 22.03
3.68 3.41 16.52
5.52 2.29 26.50
5.29 2.03 26.71
5.28 2.16 23.41
4.31 2.71 22.43
4.18 2.63 20.91
5.13 2.95 23.33
5.39 2.46 25.98
5.52 2.26 26.47
4.54 2.54 21.34
5.52 1.97 26.52
5.19 1.53 24.50
4.87 2.40 23.69
5.94 1.50 28.55
5.58 2.38 26.78
4.35 2.44 24.34
4.52 3.00 18.95
4.32 3.73 16.54
4.72 2.30 22.46
4.85 2.43 23.74
5.60 2.33 29.50
5.73 2.23 27.89
5.11 2.38 25.92
5.27 2.68 23.72
5.15 2.16 25.66
6.05 2.14 29.40
5.14 2.14 27.59
5.79 2.34 28.43
5.28 2.13 26.48
5.53 2.33 27.75
4.98 2.41 25.87
5.14 3.51 23.60
4.43 3.62 17.50
4.48 2.90 19.52
4.83 2.55 23.28
4.17 2.72 20.40
4.55 2.25 21.88
4.78 2.29 22.65
4.91 2.45 21.19
6.08 2.38 27.58
6.59 2.59 29.07
4.64 2.76 23.21
4.65 2.86 24.23
4.05 2.98 20.07
4.82 2.74 24.47
5.01 1.96 25.94
4.15 3.57 17.65
5.05 2.67 25.29
4.65 2.50 22.61
4.49 3.39 19.29
3.97 3.10 16.81
4.68 2.71 19.58
5.22 1.97 23.48
4.88 2.45 22.15
5.05 2.30 23.06
4.69 2.36 23.56
4.66 3.01 23.13
3.58 4.20 16.86
4.04 3.42 18.69
3.96 3.19 20.64
4.35 2.84 21.74
3.83 3.04 17.28
4.60 2.63 20.25
3.57 3.36 17.66
4.47 3.04 20.80
4.27 2.90 19.92
5.16 2.56 21.02
4.51 2.87 21.42
4.49 2.79 21.19
4.51 2.78 21.27
4.44 3.07 19.97
4.14 3.31 13.34
4.85 2.34 19.29
4.12 3.11 15.77
4.21 3.22 14.09
4.63 3.29 15.23
3.47 3.72 14.40
4.11 2.97 16.36
3.65 3.37 17.79
4.44 2.51 18.10
3.55 3.28 12.43
4.11 3.04 14.01
5.66 2.90 19.84
4.12 2.99 16.98
3.97 3.16 13.95
4.40 2.64 16.30
4.21 2.63 16.80
4.74 2.06 21.36
4.43 2.56 17.42
4.54 2.01 19.94
4.65 2.79 15.27
5.11 2.13 19.80
4.21 3.09 14.29
4.52 2.69 16.81
3.46 3.41 12.39
4.33 2.66 17.31
4.82 2.82 16.70
3.82 3.68 13.29
3.09 3.72 13.33
4.68 3.03 18.87
3.53 3.70 13.19
4.25 2.62 17.36
5.04 2.65 20.01
4.41 2.81 21.55
4.30 3.37 18.13
3.49 3.85 11.46
4.00 5.49 15.35
3.55 3.91 13.78
3.84 3.22 14.46
3.63 3.23 16.03
4.72 2.66 20.38
4.18 2.90 16.56
4.17 2.70 18.16
2.79 4.19 11.68
3.25 3.70 12.67
3.79 3.07 16.93
3.48 5.29 14.15
3.46 3.55 14.59
3.87 3.41 14.13
4.66 2.30 19.76
5.09 1.98 22.39
3.39 4.46 13.25
4.99 2.78 20.92
4.47 2.69 20.21
4.88 2.32 20.32
4.48 3.51 16.23
5.22 1.76 25.58
4.78 2.46 19.62
5.64 1.39 27.89
5.14 1.94 25.14
5.73 1.35 28.15
4.10 3.55 15.89
4.89 2.10 20.25
4.88 1.84 22.73
3.54 3.22 14.87
4.15 2.72 16.84
3.28 3.47 14.09
4.00 2.77 18.35
5.72 1.75 24.37
4.87 1.96 22.68
4.74 2.41 19.18
4.65 2.24 22.05
3.71 3.25 13.73
5.76 1.35 27.30
4.51 2.13 19.30
3.99 3.80 16.95
3.83 3.18 13.29
4.70 2.11 20.18
5.12 2.21 21.02
4.60 2.59 18.74
4.48 2.59 18.44
5.96 1.66 26.56
4.63 2.95 20.22
4.58 3.55 17.37
4.60 3.05 17.38
3.84 3.17 15.13
4.03 3.03 15.07
4.47 2.87 19.97
5.57 2.66 22.24
5.05 2.98 19.18
4.84 2.78 19.35
4.22 4.17 16.13
4.86 4.92 20.22
4.59 4.30 19.04
3.44 3.95 15.66
2.85 4.45 12.93
5.45 1.82 25.35
5.08 2.95 21.65
4.29 3.50 16.23
5.12 2.81 19.39
4.74 2.23 20.73
4.46 3.07 17.05
5.32 2.56 22.26
5.07 2.14 22.35
3.78 3.30 14.93
3.98 3.11 17.18
4.10 3.47 14.52
4.34 3.03 14.58
5.31 2.31 19.45
3.98 2.85 15.64
3.84 3.42 16.07
4.15 2.75 15.37
3.84 3.38 14.19
4.16 3.06 14.36
4.08 2.84 13.17
4.35 3.43 11.15
3.06 3.30 16.22
3.21 3.79 17.20
3.03 3.45 15.94
2.86 3.48 15.56
3.25 3.17 16.07
3.40 3.28 16.46
3.52 2.89 16.57
4.25 2.10 20.69
5.31 1.44 21.51
6.22 1.15 24.77
5.07 1.52 22.42
5.07 1.80 21.64
5.61 1.39 23.18
4.53 1.97 19.01
4.69 1.86 19.21
5.29 1.36 23.81
6.98 1.36 29.93
5.87 0.90 27.59
5.90 0.99 28.75
6.55 1.17 29.68
5.32 1.32 26.20
6.45 0.91 31.44
6.52 1.30 29.76
6.08 0.78 26.73
6.13 0.81 28.68
4.87 1.59 19.31
5.15 1.78 23.20
5.37 1.36 23.26
5.79 1.19 29.16
5.60 1.05 26.60
5.18 1.56 22.23
5.17 1.49 23.75
5.01 1.27 24.35
5.30 1.33 26.15
5.07 1.94 19.84
5.23 1.50 22.78
4.32 2.56 16.67
4.82 2.07 17.19
5.40 1.37 23.25
4.73 2.03 18.42
4.77 2.58 17.73
4.83 2.63 14.77
4.44 2.41 15.38
3.48 3.94 7.03
2.68 4.68 7.14
3.24 3.80 7.02
3.84 3.35 11.11
3.06 3.50 7.64
2.15 4.75 5.31
3.11 5.72 12.17
2.07 5.56 6.53
2.92 6.10 10.48
2.06 6.22 8.72
0.95 5.57 2.50
0.87 5.72 4.87
1.77 5.98 8.24
1.78 4.96 5.95
1.85 5.76 5.29
2.22 5.08 9.67
1.00 5.92 0.81
2.85 4.04 17.06
2.98 5.29 11.45
3.06 4.93 14.58
2.90 5.47 14.24
2.65 4.82 8.24
3.56 4.18 11.65
5.06 4.72 18.13
4.15 4.55 11.11
3.57 3.40 9.34
3.37 4.50 10.84
4.31 3.05 12.22
2.88 4.42 6.07
2.85 3.82 7.72
3.99 3.48 12.00
3.15 4.02 8.73
2.51 4.21 4.05
3.24 3.73 7.88
2.67 4.18 5.89
3.20 3.40 10.99
4.83 1.98 17.72
2.67 4.38 4.74
3.69 3.56 11.99
3.68 3.41 12.23
3.66 3.50 8.26
2.69 5.30 9.24
2.28 4.75 4.13
3.05 3.96 8.67
2.75 4.05 6.09
3.65 3.50 9.61
3.52 3.90 9.00
2.78 4.90 4.35
3.02 3.93 5.86
2.87 4.04 9.91
3.25 3.64 8.32
2.38 5.17 3.51
4.03 4.69 10.88
2.86 4.31 8.77
4.21 3.26 13.39
3.84 3.70 10.91
3.93 3.18 13.27
3.24 3.65 5.12
3.32 3.96 10.69
3.16 3.68 8.50
3.59 3.25 9.23
4.36 2.66 12.45
4.17 3.02 9.72
4.26 2.94 10.96
3.49 4.46 11.62
3.65 2.95 12.10
2.27 4.77 5.64
3.23 4.83 10.20
3.59 4.75 13.62
1.77 4.95 7.77
3.15 3.21 10.40
4.41 4.92 17.57
3.96 4.07 10.87
1.19 5.91 2.69
1.66 6.92 8.12
2.65 7.98 12.01
1.95 7.01 4.75
0.98 6.33 1.41
1.47 6.92 3.44
1.14 6.33 0.19
2.13 7.36 6.26
1.97 7.45 7.50
2.12 7.48 9.05
2.16 7.65 9.95
1.80 7.29 9.21
2.05 7.34 9.68
1.65 7.04 7.58
2.55 7.75 6.87
1.95 7.27 6.49
1.97 7.28 10.29
2.19 7.60 9.98
1.33 6.84 7.05
2.94 8.19 12.66
2.01 7.33 9.01
1.91 7.49 8.23
1.79 7.12 7.29
1.77 6.84 6.24
1.61 6.92 5.28
1.75 6.94 4.93
1.41 6.67 5.16
1.35 6.83 5.06
2.13 7.79 9.57
1.99 7.39 7.50
2.54 7.64 11.82
2.03 7.39 7.61
1.46 7.06 7.02
1.94 6.83 7.48
2.35 7.74 10.04
2.16 7.49 5.32
2.21 7.25 7.88
1.11 6.00 2.58
1.34 5.83 2.70
1.08 6.61 4.55
1.14 6.25 4.78
1.32 5.17 6.09
1.79 6.18 6.97
2.31 5.11 8.38
1.46 6.06 1.53
2.66 4.31 11.81
2.99 5.18 14.77
2.58 4.50 14.13
2.69 5.49 11.31
2.74 6.03 11.28
2.10 4.99 10.07
2.50 4.88 8.32
3.03 6.70 13.27
1.32 5.67 5.79
2.39 7.92 8.79
1.79 6.96 7.05
1.30 6.62 6.89
1.95 7.40 2.40
2.63 8.11 8.91
2.17 7.77 6.32
1.78 7.22 5.15
1.80 7.27 5.84
1.39 6.85 7.50
2.02 7.47 5.83
2.15 7.36 8.93
2.12 7.60 6.56
1.94 7.25 4.56
2.47 7.89 8.83
2.41 7.66 6.27
2.31 7.72 7.99
2.32 7.43 8.69
2.11 7.60 7.30
3.03 8.29 12.09
2.47 7.63 7.54
2.18 7.87 8.46
2.85 8.32 7.72
2.73 8.30 4.71
2.17 7.74 7.77
3.30 8.80 10.06
2.94 8.32 10.61
2.72 8.09 9.85
2.56 8.11 6.70
1.69 7.22 3.45
2.98 8.51 7.81
2.73 8.15 7.32
2.61 8.06 6.20
1.84 7.21 6.63
1.67 7.25 6.09
2.00 7.56 6.95
1.67 6.94 6.58
2.04 7.59 6.92
1.73 7.28 5.30
2.37 8.01 9.27
2.70 8.25 8.40
1.87 7.44 7.79
1.83 7.26 4.75
2.49 7.92 6.71
2.22 7.70 6.64
2.21 7.61 4.47
2.63 8.16 8.64
2.27 7.57 10.52
2.47 7.95 5.97
2.04 7.50 5.24
2.67 7.93 12.33
2.48 7.85 10.11
2.81 8.18 6.75
2.51 8.14 7.89
1.92 7.54 7.56
2.15 7.68 6.01
2.27 7.78 5.44
1.77 7.29 3.69
2.71 8.23 9.24
2.28 7.87 9.20
2.29 7.81 3.60
2.53 8.04 5.40
2.17 7.61 3.60
2.32 8.01 9.37
2.50 7.77 4.32
2.36 7.75 5.14
2.66 7.95 4.36
2.49 7.93 4.23
2.12 7.64 3.91
1.69 7.32 3.20
1.84 7.22 2.35
2.85 8.29 7.27
2.82 8.13 9.56
2.40 7.44 1.28
2.36 7.86 4.93
1.93 7.37 4.64
2.27 7.66 3.39
2.98 8.42 10.80
1.95 7.57 2.53
2.46 8.02 7.47
2.57 7.97 4.90
2.59 7.90 4.45
2.81 8.10 11.09
2.37 7.88 8.64
2.11 7.51 4.56
2.55 8.14 5.60
2.34 7.63 5.95
2.96 8.17 9.01
2.63 8.07 6.00
2.96 8.44 8.73
2.99 8.60 11.30
2.82 8.04 5.15
2.35 8.06 8.10
2.27 7.53 4.29
2.23 7.70 5.35
2.52 8.09 7.20
2.07 7.42 4.47
2.70 8.14 8.40
2.55 8.18 9.82
2.96 8.44 8.78
2.85 8.27 6.53
3.29 8.81 10.61
1.99 7.64 5.89
3.47 8.74 8.59
2.43 7.90 7.94
2.55 8.11 11.23
3.12 8.77 12.00
2.47 8.06 8.65
2.32 8.00 7.04
2.19 7.86 5.09
2.54 8.15 8.03
2.15 7.81 7.52
2.56 8.08 6.64
2.53 8.09 8.46
1.88 7.47 5.77
2.99 8.43 9.34
1.75 7.30 5.92
3.08 8.60 11.20
2.36 7.75 7.66
2.42 7.94 4.19
2.66 7.97 8.94
2.02 7.59 7.74
2.77 8.18 8.28
2.83 8.15 8.56
2.93 8.25 8.32
2.33 7.84 7.39
2.71 8.12 6.07
2.67 8.31 8.93
3.25 8.80 12.66
2.53 7.94 6.41
2.42 8.10 9.35
2.48 7.94 7.90
2.60 7.91 4.85
3.05 8.58 10.79
2.41 7.80 6.33
2.46 8.07 7.08
2.58 8.02 9.15
2.10 7.61 3.00
2.36 7.84 7.37
2.66 8.05 6.78
2.55 7.70 7.00
2.74 7.96 8.21
2.40 7.98 5.89
2.47 7.76 3.41
2.19 7.60 4.37
2.05 7.50 5.98
2.07 7.54 4.25
2.47 7.89 3.27
2.46 7.54 6.61
2.40 7.88 5.59
1.97 7.25 1.85
2.23 7.72 4.32
2.97 8.41 10.30
2.48 7.80 5.21
2.76 8.23 4.46
3.34 8.78 9.40
1.87 7.28 2.06
2.34 7.67 7.72
1.95 7.67 5.42
2.12 7.51 5.77
2.54 8.00 6.71
2.02 7.41 2.48
2.14 7.68 6.05
1.66 6.96 4.79
2.71 7.85 2.95
3.64 8.81 9.23
2.51 7.81 3.16
2.21 7.14 1.90
2.15 7.59 3.99
2.46 7.86 7.96
2.24 7.80 4.31
2.79 8.21 7.30
2.22 7.87 7.34
2.26 7.69 4.04
2.24 7.63 5.71
2.66 8.05 7.72
2.14 7.61 6.86
1.89 7.13 1.87
2.53 7.74 6.28
2.53 7.87 9.37
2.21 7.48 5.99
2.44 7.74 7.35
2.06 7.49 2.33
2.56 8.08 9.95
2.13 7.40 3.20
2.88 8.11 9.10
3.10 8.40 8.84
2.59 8.22 6.47
2.27 7.92 5.76
2.68 8.24 9.47
3.39 9.01 9.55
2.32 7.92 6.07
2.41 8.00 7.90
2.31 7.79 6.84
1.75 7.36 8.35
2.68 8.09 8.04
2.54 8.05 6.65
2.91 8.48 9.93
1.31 6.89 3.64
2.72 8.31 10.29
2.73 8.26 9.54
2.83 8.35 10.26
2.71 8.20 9.47
2.07 7.64 9.67
1.80 7.66 7.71
2.38 7.81 6.82
2.22 7.97 9.67
2.16 7.59 5.62
2.37 7.83 7.45
2.66 8.18 9.51
2.06 7.33 6.99
2.66 8.11 6.34
2.85 8.28 9.55
2.90 8.44 9.28
3.39 8.88 11.82
2.81 8.20 9.29
1.95 7.41 5.40
2.19 7.73 4.16
2.74 8.44 9.14
2.26 7.86 6.87
1.65 7.37 3.38
2.81 8.32 9.03
1.92 7.70 5.52
2.27 7.89 9.80
2.37 7.90 10.88
2.12 7.65 6.37
1.97 7.57 6.59
2.73 8.29 8.74
1.44 7.16 3.10
2.23 7.72 7.84
1.38 7.15 4.01
1.50 7.16 5.39
1.55 7.21 4.47
2.26 7.79 5.79
2.15 7.60 5.57
2.59 8.21 8.68
2.93 8.49 7.98
1.98 7.52 6.36
2.15 7.79 7.13
2.11 7.75 4.90
2.08 7.80 6.72
2.47 7.68 5.29
2.40 7.44 10.05
2.76 7.75 12.04
2.11 7.64 8.04
2.26 7.76 4.61
1.19 6.67 4.73
1.75 7.38 2.72
2.36 7.96 5.40
1.77 7.40 4.51
2.27 7.75 7.51
1.95 7.29 6.52
2.00 7.34 5.44
2.07 7.75 6.74
2.02 7.64 4.50
1.34 7.11 4.48
1.77 7.40 5.65
1.83 7.58 6.26
1.75 7.33 4.05
1.49 6.92 5.45
2.21 7.85 10.75
1.62 7.19 4.27
2.48 7.79 8.53
2.33 7.52 6.36
2.35 7.56 7.71
2.81 8.15 6.30
1.91 7.46 5.71
2.03 7.11 5.60
2.23 7.58 5.71
2.20 7.68 6.58
2.60 8.07 5.32
2.31 7.41 6.88
2.76 7.86 9.82
1.71 7.26 3.59
1.67 7.07 6.85
2.20 7.72 1.85
1.99 7.52 5.15
2.01 7.48 5.26
1.59 6.91 7.17
1.50 7.05 3.94
1.42 6.82 1.62
0.77 6.37 2.03
2.08 7.70 5.03
1.53 7.14 4.05
2.12 7.08 4.29
2.64 8.08 7.03
1.56 7.11 3.77
2.97 8.43 10.33
1.80 7.39 6.88
1.73 7.20 4.66
2.12 7.56 7.78
1.91 7.38 4.93
1.68 7.32 4.18
2.62 7.81 3.85
2.69 8.14 8.93
2.21 7.86 4.82
2.11 7.61 5.24
2.82 8.32 8.74
2.68 8.23 7.68
2.01 7.67 6.14
1.89 7.57 5.88
1.72 7.35 4.26
2.44 7.93 5.04
2.91 8.40 7.70
1.74 7.41 5.74
2.39 7.88 8.53
2.55 8.09 6.46
2.98 8.12 10.44
1.97 7.55 6.15
1.89 7.61 6.25
1.69 7.32 4.98
2.49 8.02 7.42
3.16 8.39 9.82
2.19 7.62 7.29
2.55 7.99 8.85
2.03 7.52 5.46
1.99 7.45 7.38
2.26 7.83 6.83
3.16 8.39 7.67
2.86 8.40 8.42
2.66 8.19 5.81
2.22 7.86 7.20
2.02 7.69 3.83
1.76 7.42 5.21
2.29 7.81 4.68
2.03 7.56 4.11
2.05 7.63 4.63
1.50 7.12 3.65
1.47 6.82 0.87
2.23 7.72 8.03
2.07 7.76 8.11
2.15 7.52 3.36
1.61 7.06 3.79
2.29 7.52 4.09
1.94 7.46 4.32
2.39 7.80 4.73
1.92 7.51 4.32
1.77 7.18 4.06
1.72 7.35 6.67
2.27 7.97 4.30
2.22 7.75 3.53
1.75 7.32 4.33
1.56 7.19 2.89
1.47 6.97 2.44
2.13 7.70 4.01
1.91 7.32 5.06
2.07 7.62 4.16
1.77 7.40 4.09
1.40 6.75 0.92
1.87 7.25 5.58
1.82 7.58 4.69
1.81 7.22 7.27
2.11 7.62 2.83
1.77 7.35 2.68
1.74 7.02 1.76
1.67 6.56 3.76
1.39 7.00 2.04
1.77 7.24 0.56
1.64 7.28 5.16
2.39 8.03 7.84
1.92 7.31 1.13
1.77 7.33 4.38
0.77 6.43 3.01
1.70 7.14 2.59
1.82 7.22 7.41
2.34 7.72 7.81
1.03 6.20 0.83
1.86 7.03 6.88
1.69 7.33 2.24
1.68 7.37 3.98
1.19 6.84 1.44
1.76 7.39 3.85
1.81 7.26 2.51
2.30 7.85 7.18
2.00 7.44 6.26
2.85 8.31 6.20
2.63 8.08 4.00
2.24 7.72 2.49
2.44 8.02 5.42
2.06 7.43 2.14
2.01 7.64 3.43
1.54 6.97 0.89
2.04 7.73 4.15
2.29 7.80 8.95
2.19 7.54 4.10
3.18 8.62 13.94
1.55 7.05 1.90
2.00 7.59 5.04
1.46 6.96 2.41
2.11 7.67 4.80
2.32 7.72 5.39
2.22 7.73 7.71
2.37 7.73 6.37
2.72 8.13 8.35
1.30 6.86 1.96
2.97 8.44 8.26
2.49 7.82 3.77
2.55 7.77 6.25
2.65 8.09 6.20
2.37 7.79 7.14
2.76 8.14 8.45
2.72 7.93 5.76
2.72 8.08 6.21
2.49 8.03 7.40
2.37 7.84 8.68
2.48 7.82 7.78
2.74 8.15 9.54
2.14 7.81 5.69
1.95 7.49 4.44
2.32 7.68 6.22
1.65 7.08 4.88
2.51 7.98 6.65
2.13 7.61 2.91
2.40 7.88 5.17
2.18 7.51 7.66
2.75 8.18 8.07
2.57 8.09 7.17
2.72 8.19 7.88
2.46 7.78 6.17
1.79 7.22 7.05
1.75 7.33 6.40
2.38 7.84 5.45
2.38 7.76 8.68
2.61 7.97 9.99
2.27 7.85 6.58
2.50 8.15 9.28
2.52 8.14 10.39
2.14 7.61 5.37
2.82 8.34 8.68
1.88 7.26 5.40
1.91 7.51 5.20
2.44 7.93 5.30
2.70 8.25 7.78
1.80 7.13 8.75
2.88 8.22 12.72
2.83 8.24 12.85
2.45 7.80 7.06
1.71 7.21 6.73
2.48 7.59 11.57
2.81 8.14 7.85
2.29 7.74 10.42
2.72 8.22 6.76
1.73 7.36 3.93
2.57 8.06 8.69
2.35 7.73 9.79
1.90 7.47 6.64
1.86 7.20 9.14
2.85 8.18 5.43
3.34 8.91 11.15
2.91 8.23 11.37
2.16 7.57 5.94
3.24 8.50 12.21
2.62 8.08 9.82
2.74 8.28 8.24
2.40 7.88 7.74
2.48 8.14 7.83
1.81 7.46 7.56
2.46 8.10 6.66
1.78 7.38 3.40
2.21 7.71 3.75
1.58 7.12 7.28
2.50 8.05 5.87
2.48 7.90 5.03
3.43 8.57 9.18
2.96 8.39 8.45
2.91 8.25 10.60
2.94 8.13 4.15
3.12 8.55 9.50
3.32 8.23 2.09
2.07 7.65 3.78
2.09 7.55 2.47
2.23 7.83 4.60
1.84 7.45 5.32
2.20 7.68 5.09
1.90 7.57 5.40
2.31 7.85 3.99
2.61 8.17 6.70
2.93 8.44 10.92
2.39 7.95 4.17
2.29 7.95 4.31
1.96 7.68 6.64
2.48 8.14 8.20
2.33 8.01 5.67
2.26 7.91 5.65
1.69 7.38 4.66
1.88 7.56 7.59
2.44 8.01 6.60
2.41 8.04 7.19
1.37 6.96 1.84
1.77 7.54 4.32
2.80 8.50 8.51
1.61 7.11 1.98
2.25 8.00 7.56
2.87 8.50 5.67
1.64 7.13 0.47
2.28 8.00 6.05
2.11 7.64 5.44
1.78 7.24 0.87
2.87 8.43 9.29
2.32 7.91 8.73
1.70 7.07 1.66
1.46 7.13 2.17
1.96 7.51 5.26
2.17 7.78 3.27
2.65 8.20 7.29
2.93 8.38 8.27
2.23 7.90 5.52
1.91 7.52 3.96
2.40 7.90 3.68
1.82 7.44 5.28
2.64 8.12 8.34
1.98 7.35 2.19
2.87 8.27 4.89
2.95 8.45 6.46
1.93 7.44 6.02
1.86 7.41 3.96
2.36 7.93 5.33
1.84 7.51 3.89
2.64 8.09 9.54
2.50 7.92 8.30
1.99 7.56 5.00
2.67 7.92 4.57
2.05 7.58 1.97
2.27 7.60 3.06
1.99 7.24 4.21
1.54 7.12 4.81
2.33 7.53 7.83
2.50 8.03 10.33
2.70 8.00 8.52
2.23 7.83 4.54
2.78 8.17 8.48
2.88 8.40 8.52
1.98 7.56 4.37
2.84 8.32 6.07
2.61 8.12 6.44
2.85 8.16 8.67
2.74 8.35 8.16
2.71 8.21 7.97
1.89 7.30 3.03
2.33 7.42 9.81
2.42 8.14 9.59
2.57 8.02 5.61
2.25 7.84 6.03
2.29 7.83 4.86
2.45 7.84 7.68
3.41 8.75 9.46
1.93 7.52 4.99
2.09 7.82 5.14
1.80 7.28 3.79
2.14 7.70 5.40
3.00 8.29 5.66
2.11 7.38 2.39
2.61 7.67 4.98
1.59 7.03 1.11
1.70 7.27 5.14
2.04 7.53 3.51
1.82 7.43 3.40
1.98 7.58 4.88
1.89 7.40 2.18
2.24 7.91 7.00
2.65 7.71 8.57
2.22 7.58 5.39
1.43 6.77 0.44
1.97 7.72 4.44
1.46 6.88 4.74
1.70 7.45 4.60
2.84 8.26 8.51
2.13 7.78 3.06
2.46 8.01 3.41
2.54 7.95 5.96
2.66 8.36 9.36
2.26 7.84 4.16
1.41 6.84 1.93
2.20 7.87 3.85
2.46 7.88 2.70
1.99 7.39 1.27
2.22 7.77 10.73
2.20 7.53 5.58
1.72 7.13 2.96
2.04 7.58 5.25
2.41 7.60 5.20
2.84 8.35 8.31
2.47 7.81 4.18
2.08 7.54 4.49
3.12 8.54 7.36
2.26 7.72 5.25
2.49 7.68 5.31
2.33 7.94 4.42
2.64 8.13 4.62
2.23 7.63 0.52
2.18 7.43 3.39
2.32 7.64 3.23
2.54 7.93 4.14
3.53 8.58 9.61
2.86 8.30 4.18
2.26 7.74 7.33
1.53 7.09 4.00
1.88 7.16 6.71
2.35 7.66 5.90
2.77 7.90 1.03
2.34 7.66 4.17
2.15 7.54 1.74
1.91 7.33 3.56
2.30 7.81 3.84
1.28 6.66 4.80
1.81 7.35 3.16
0.97 6.58 3.62
1.62 7.11 5.79
2.07 7.51 2.99
1.70 7.20 5.40
1.93 7.39 4.96
1.87 7.30 3.25
1.43 7.16 6.28
1.35 6.63 3.64
2.39 7.84 7.07
2.99 8.21 4.07
2.02 7.72 4.65
1.94 7.54 5.35
1.61 6.96 4.07
1.60 7.19 2.87
1.85 7.44 5.39
1.85 7.45 6.24
2.17 7.66 4.82
1.77 7.24 7.36
1.86 7.42 6.90
1.85 7.42 2.80
1.58 7.11 2.38
2.09 7.71 5.28
2.39 7.92 3.27
1.87 7.55 6.07
1.29 6.97 2.46
1.21 6.70 4.23
2.38 7.93 8.73
1.74 7.15 0.73
2.20 7.79 5.91
2.50 7.98 4.43
2.24 7.94 6.98
2.61 7.84 3.16
2.21 7.49 2.66
1.60 6.81 1.30
2.17 7.21 10.06
3.65 8.29 7.58
2.03 7.37 8.50
3.05 7.82 8.17
2.36 7.28 8.09
1.68 6.48 5.15
1.93 6.08 11.93
1.38 6.46 8.04
2.25 6.91 10.27
2.95 7.65 14.80
2.39 7.19 7.61
2.28 6.53 9.47
3.51 8.12 18.57
3.24 7.82 12.88
2.57 7.64 9.06
2.06 6.43 11.10
1.22 6.69 3.08
1.87 6.90 4.79
3.07 8.02 8.85
1.79 6.73 6.23
2.42 6.98 10.09
4.15 8.64 14.83
2.08 6.94 9.63
3.49 7.20 17.05
2.14 6.81 8.08
2.61 7.64 13.23
2.08 5.88 9.31
2.30 5.74 10.95
2.85 6.63 14.45
1.71 5.74 7.69
1.86 5.52 6.06
2.15 5.62 8.38
1.78 6.53 8.33
1.74 5.49 6.05
2.69 5.88 12.81
4.13 4.38 15.79
3.17 3.33 12.27
4.71 1.79 20.85
4.98 1.73 22.76
5.36 1.43 24.26
3.37 2.97 14.30
4.60 2.17 16.72
3.88 2.49 15.15
4.09 2.15 18.02
4.88 1.60 22.67
4.35 2.14 18.08
4.89 1.74 22.01
3.62 2.79 17.58
3.95 2.27 19.19
5.38 0.97 23.08
5.15 1.31 23.95
4.98 1.52 19.38
5.80 1.13 23.50
5.62 0.97 25.32
5.04 2.21 18.72
4.54 1.78 17.40
4.71 1.51 21.08
4.38 2.08 18.10
4.55 1.87 18.91
4.18 2.43 14.29
4.92 1.31 21.61
4.79 1.55 21.46
5.47 1.52 19.63
5.42 0.96 24.71
4.47 1.84 19.95
5.44 1.26 23.32
4.96 1.80 22.72
4.49 2.40 16.29
3.56 3.12 11.46
4.28 1.91 19.20
5.32 1.33 24.00
5.42 1.61 21.97
5.43 1.51 21.00
3.76 2.83 11.50
5.16 1.14 27.28
4.32 1.83 20.55
4.81 1.59 24.08
4.89 1.39 20.26
5.08 1.33 21.48
5.17 1.37 21.96
5.15 1.53 23.62
5.96 0.86 26.36
5.40 0.84 24.92
5.89 1.08 22.89
5.53 1.03 23.57
5.54 1.05 23.49
4.11 2.28 17.17
3.99 2.20 18.34
4.77 1.55 20.10
5.02 1.50 18.98
5.05 1.80 17.59
4.88 1.67 19.15
5.05 1.37 22.20
5.13 1.35 19.87
4.42 1.88 17.37
5.73 0.99 23.53
4.21 2.00 19.68
4.62 2.05 16.85
5.31 1.92 16.39
5.25 2.30 15.84
4.65 2.22 14.99
5.12 1.96 19.28
4.27 2.01 17.32
4.50 2.49 17.36
3.54 4.82 11.26
5.08 2.76 14.40
4.38 2.40 16.67
4.65 3.19 18.26
4.78 2.50 15.07
4.86 1.90 17.02
4.60 2.28 13.89
3.90 2.59 12.24
4.50 2.20 14.75
5.41 1.59 19.08
5.28 2.06 15.45
5.01 2.30 17.05
4.96 1.65 17.34
6.13 0.96 24.82
3.87 2.90 9.62
5.06 2.10 15.29
5.25 1.10 24.04
5.49 1.35 21.79
3.37 5.22 12.79
4.31 3.10 14.25
5.01 1.56 19.48
4.05 2.26 17.94
5.42 1.31 21.31
5.88 1.05 24.62
5.82 1.31 22.22
5.12 1.44 19.93
5.03 1.92 16.72
5.57 1.14 22.15
4.85 1.89 16.23
3.76 2.45 16.87
5.35 1.30 25.76
5.32 1.55 22.09
5.53 1.12 23.36
5.67 1.00 23.57
5.88 1.42 21.06
5.54 1.28 22.94
4.26 2.40 15.30
4.93 1.77 17.28
5.13 1.72 18.69
4.75 1.58 18.78
5.01 1.44 19.18
4.40 4.92 16.37
4.31 4.67 17.20
4.17 4.04 11.57
4.62 2.68 12.40
3.32 3.83 13.63
4.06 2.82 13.59
4.29 3.34 12.16
4.01 3.47 10.79
3.97 3.00 14.15
4.41 2.63 11.82
4.84 2.04 18.42
6.17 1.31 24.84
4.43 2.08 17.06
4.88 1.49 23.30
5.44 1.10 22.67
5.10 1.21 24.30
4.96 1.59 19.19
4.49 2.68 11.28
3.82 2.62 12.33
5.28 2.03 16.59
4.99 1.62 17.97
4.34 2.48 13.30
4.51 1.88 18.13
3.54 3.56 9.02
3.45 3.60 10.02
3.15 3.50 6.77
3.59 2.79 15.83
3.52 3.67 12.07
5.13 1.34 23.09
5.26 1.56 22.68
5.02 2.03 15.47
5.22 2.32 13.97
4.44 2.69 13.06
5.29 1.72 19.39
4.58 2.37 14.98
4.39 2.90 11.01
3.88 2.97 13.94
4.74 2.84 12.49
4.13 3.01 12.02
5.42 2.40 17.40
4.60 4.05 13.40
4.69 2.68 13.66
3.64 3.52 9.14
2.03 5.31 1.23
2.97 4.12 6.40
3.99 5.45 12.51
3.88 5.72 12.54
3.60 3.29 11.72
2.50 4.24 6.75
3.34 3.80 11.45
3.93 2.78 15.59
4.31 2.88 15.12
4.05 3.12 17.07
4.12 3.31 10.03
5.19 2.42 14.66
4.81 2.26 15.89
4.67 3.32 14.63
4.59 3.08 13.07
3.79 3.91 11.63
4.43 2.89 12.25
4.16 2.94 13.72
3.46 3.90 9.63
3.80 3.51 9.13
4.58 3.36 13.34
4.08 3.97 13.09
4.29 3.67 10.36
4.40 3.36 11.75
4.07 3.07 15.24
3.12 3.53 10.55
5.11 2.57 17.40
4.47 2.68 14.78
3.76 3.46 10.30
3.36 3.91 7.88
2.86 4.92 7.25
3.84 3.81 8.46
3.22 4.58 9.35
3.00 3.82 6.16
4.12 3.28 9.08
4.45 2.53 16.09
3.60 4.07 10.21
2.94 4.44 7.35
2.30 4.46 7.42
1.48 5.36 4.14
1.57 6.18 0.78
1.27 5.49 2.88
2.01 4.91 6.72
1.91 4.77 9.09
2.50 4.43 6.27
3.40 3.73 12.84
2.62 4.04 8.51
2.72 4.48 9.25
3.65 4.01 9.00
3.78 4.37 12.66
3.97 3.01 13.41
2.92 4.88 6.84
3.64 4.28 10.78
3.85 4.83 13.53
4.37 3.17 15.74
4.37 3.38 14.43
3.37 5.22 10.57
3.71 5.00 12.00
2.95 5.12 9.22
3.96 5.88 13.66
3.37 5.15 10.09
3.87 4.90 9.47
4.34 4.63 11.42
4.15 4.08 10.92
4.38 4.62 15.38
4.71 2.32 14.92
4.31 3.85 11.12
4.35 3.15 13.39
4.65 2.74 14.22
4.20 3.72 12.32
4.78 2.88 16.01
3.96 3.09 14.67
3.98 4.51 13.22
4.79 3.66 14.64
4.67 3.02 15.53
5.08 2.99 17.60
4.23 3.74 13.99
3.93 3.88 12.20
4.59 2.77 13.88
3.99 3.58 10.71
3.93 3.60 11.32
3.44 3.85 11.40
4.07 3.15 12.00
4.99 2.93 16.84
3.87 3.39 9.68
4.95 2.44 14.57
3.71 3.12 11.15
4.90 2.12 14.50
3.80 3.63 13.14
3.78 4.40 9.89
4.60 3.71 13.29
3.82 3.43 12.25
3.85 4.08 9.73
