6.42 0.67 32.32
6.57 1.24 30.80
5.66 1.54 25.50
5.74 0.92 27.71
5.97 0.74 30.26
5.74 1.20 25.52
6.30 0.70 29.69
5.31 0.91 26.03
5.24 1.62 25.06
7.54 1.79 36.30
5.87 1.19 22.72
5.28 2.01 19.48
4.33 2.07 18.04
4.13 2.51 19.26
4.99 2.41 18.49
5.58 1.26 24.95
6.29 1.09 30.92
6.96 1.67 35.83
6.45 1.17 31.81
5.33 1.26 28.26
6.18 1.73 32.35
6.24 1.04 30.38
5.08 1.60 21.46
6.29 0.99 29.66
6.35 1.23 32.51
6.10 1.16 29.54
5.90 0.89 25.73
6.04 1.28 25.71
5.34 1.50 21.86
5.43 1.17 26.15
5.17 1.23 23.71
4.59 2.06 21.18
4.74 1.69 21.41
5.61 1.19 21.09
6.24 1.10 25.19
6.04 1.74 21.52
6.75 1.35 31.85
5.88 1.55 23.43
6.42 1.38 23.87
6.65 1.02 27.55
5.88 1.19 22.29
7.07 1.61 28.78
6.36 2.00 21.37
7.00 1.42 28.47
5.86 2.21 20.66
3.26 3.43 13.02
4.63 2.35 15.81
5.77 1.42 20.30
5.82 0.96 25.57
6.69 1.94 32.90
5.94 1.14 28.94
5.90 1.31 23.60
6.13 1.22 24.93
6.07 1.55 20.46
5.03 1.86 19.99
5.12 1.62 19.19
5.13 1.66 19.78
4.61 2.22 15.40
5.23 1.86 17.36
5.62 1.62 19.91
5.66 1.90 20.98
4.60 3.16 12.30
4.29 2.67 13.52
4.30 3.03 10.64
3.41 3.81 8.76
4.22 3.37 12.55
3.77 3.23 19.16
3.90 3.89 20.47
7.06 1.73 27.86
5.95 1.83 20.89
4.92 2.74 15.02
4.14 3.63 8.82
4.40 3.12 10.02
4.14 3.69 8.77
3.81 3.86 10.93
3.58 3.55 9.33
3.67 3.11 12.46
5.15 1.95 16.78
6.83 1.78 27.26
3.53 3.13 15.90
4.63 1.95 22.56
4.98 2.29 18.83
5.66 1.52 20.75
4.67 1.97 20.34
4.01 3.29 17.66
5.87 2.46 29.67
5.92 2.46 28.72
5.87 2.76 25.39
4.78 2.70 22.59
5.59 2.87 27.19
4.36 3.37 21.46
6.18 2.64 25.71
7.13 2.52 34.77
6.98 2.43 32.22
7.80 3.01 37.49
6.33 2.22 29.91
7.41 2.62 35.85
5.75 2.37 27.67
7.02 2.59 31.83
7.22 2.67 34.91
6.86 2.50 31.63
5.53 2.66 24.25
6.27 2.60 23.98
6.82 2.45 31.28
5.87 2.36 29.13
6.38 2.40 28.98
7.08 2.71 32.23
6.87 2.55 31.35
6.82 2.33 32.61
7.31 2.43 35.67
6.50 2.41 30.44
7.25 2.56 35.29
6.25 2.19 27.67
6.97 2.62 35.33
7.09 2.74 36.02
7.16 2.67 35.50
8.06 3.07 34.14
7.63 2.77 33.35
7.82 3.05 29.46
7.44 2.47 30.94
6.01 2.18 27.70
7.16 2.67 34.85
6.83 2.44 34.35
7.63 2.54 33.63
7.02 2.61 26.25
5.78 2.67 22.51
7.94 3.13 30.66
7.22 2.39 31.39
8.28 3.04 34.99
8.17 2.92 35.36
5.47 3.10 22.66
7.34 3.22 27.01
8.95 3.75 34.21
6.94 2.25 28.34
7.45 2.79 27.80
5.09 3.42 20.61
7.65 2.51 32.22
6.55 3.11 23.56
5.85 2.98 20.47
7.51 3.24 25.67
6.74 3.05 24.23
6.59 2.55 24.84
5.29 2.90 20.24
5.88 2.71 22.88
7.37 3.31 28.31
5.82 3.16 20.70
6.00 2.41 25.38
6.59 2.65 24.56
4.96 3.06 21.24
6.56 3.01 28.14
6.78 3.05 24.25
5.24 2.98 18.65
5.66 2.59 22.71
5.15 2.52 20.33
6.94 3.25 23.25
5.55 3.30 18.32
5.78 2.79 20.38
4.80 3.55 20.12
4.69 3.43 17.13
5.36 3.12 17.14
5.74 3.09 21.61
5.72 3.63 20.85
5.21 3.14 19.52
5.07 3.40 17.81
5.86 2.59 23.59
7.07 2.72 27.17
5.83 2.88 23.36
5.32 3.01 17.40
5.89 2.46 23.50
5.33 3.78 18.94
6.81 3.29 24.85
6.99 2.84 28.02
6.43 2.62 26.37
7.02 3.22 24.43
6.22 2.57 23.86
6.19 2.59 22.58
6.96 2.54 24.83
6.75 3.19 23.44
6.66 2.73 24.86
5.45 3.39 20.07
5.06 3.56 16.53
5.61 3.30 18.71
8.04 2.91 31.75
5.54 3.19 20.23
6.93 2.64 25.18
5.80 2.62 23.10
6.78 2.53 24.62
6.09 3.11 18.69
5.91 2.35 23.20
7.52 2.54 30.21
8.54 3.20 34.24
7.00 2.80 27.17
6.86 2.96 23.95
5.83 3.06 20.25
7.01 3.13 25.79
6.38 3.13 24.03
5.93 2.72 24.28
5.75 2.61 22.17
4.51 3.87 14.92
5.94 2.82 20.56
5.64 3.04 22.54
6.12 2.44 22.17
6.12 2.63 21.29
6.11 2.06 26.20
5.78 2.52 20.06
6.67 2.49 24.61
6.16 2.44 23.31
5.57 2.84 23.02
6.39 3.37 22.93
6.70 2.47 25.73
8.01 2.82 33.12
6.20 2.68 24.06
7.22 3.21 25.49
5.91 2.79 22.05
6.15 2.79 20.32
6.63 3.48 22.20
7.00 2.74 26.66
7.09 4.03 24.36
6.74 2.64 24.41
6.27 2.56 24.23
6.52 2.95 23.66
5.26 3.43 17.24
4.96 3.23 16.81
5.31 2.86 21.59
5.93 2.67 21.71
5.50 2.50 22.25
6.53 2.25 25.00
5.89 2.53 20.53
5.99 2.65 21.97
5.41 3.18 18.28
5.76 2.58 20.20
5.98 3.68 23.63
6.17 2.95 23.64
5.42 2.95 19.17
4.57 3.15 15.70
5.57 3.41 17.13
6.08 3.20 23.66
5.44 2.82 21.05
5.41 3.62 19.03
5.49 2.77 19.18
5.55 2.90 21.94
6.13 2.47 22.82
7.30 3.14 25.27
6.51 1.79 26.50
6.61 2.72 24.12
8.37 4.32 23.63
6.76 2.81 22.47
6.10 2.27 24.73
6.50 2.23 26.25
6.39 2.74 23.00
6.55 3.35 21.37
6.63 2.99 25.81
6.40 2.78 24.80
6.69 3.11 21.86
6.70 3.16 26.02
6.03 3.12 22.20
4.54 3.39 17.42
5.32 3.18 17.09
6.57 3.15 25.72
7.42 2.97 29.48
6.87 3.84 23.96
6.06 3.11 20.69
6.43 3.01 24.65
6.07 3.42 23.01
5.13 3.78 18.78
6.84 3.62 23.15
5.87 3.61 21.86
6.11 2.99 20.19
7.03 2.67 26.94
7.26 2.98 27.83
7.53 2.64 29.39
5.94 2.64 21.10
7.69 3.86 22.53
6.24 2.74 23.95
6.47 2.36 29.04
7.04 2.32 33.82
7.37 2.64 32.15
5.30 2.84 26.22
5.44 2.54 23.09
5.88 2.22 29.57
5.30 2.40 26.73
5.25 2.59 25.48
5.58 2.56 26.93
5.66 2.49 27.77
5.68 2.26 28.42
6.00 2.39 29.56
7.35 2.40 31.65
5.25 2.32 26.43
6.01 2.22 28.90
6.22 2.05 27.82
6.23 2.26 28.80
5.62 2.46 26.55
5.44 2.32 23.37
5.60 2.63 25.01
5.75 2.76 23.59
5.76 2.45 27.20
6.33 2.72 28.66
5.21 3.17 24.52
5.77 2.64 27.08
5.15 2.99 26.09
5.34 2.84 24.60
5.71 2.68 27.51
5.58 2.72 28.48
6.33 2.87 29.92
5.90 2.66 26.36
6.05 2.55 29.89
5.87 2.44 26.27
6.03 2.36 27.15
6.54 2.59 27.38
6.14 2.62 27.00
6.27 2.76 27.34
5.80 2.83 25.03
5.62 3.20 23.88
4.89 2.71 23.63
6.63 2.59 33.39
5.87 2.22 26.41
6.36 2.59 30.63
5.52 2.72 27.09
6.05 2.87 31.82
6.79 2.54 32.91
5.79 2.69 26.89
5.83 2.64 28.23
6.11 2.48 29.53
6.45 2.68 35.71
5.49 2.87 26.20
5.45 2.31 30.05
7.18 3.07 34.12
6.25 2.68 31.78
7.15 2.65 30.55
6.02 2.52 26.09
5.21 2.86 25.96
6.80 2.73 32.39
6.66 2.61 30.41
6.51 2.41 29.29
4.67 3.44 21.45
6.78 3.25 24.28
5.94 2.57 23.30
5.52 2.76 22.89
5.74 2.70 24.89
5.34 2.79 24.36
4.88 3.09 24.09
5.58 2.56 24.27
6.60 2.76 33.56
6.50 2.40 30.62
6.37 2.44 32.26
6.25 2.31 30.38
6.09 2.44 30.07
6.85 2.79 32.17
6.02 2.24 29.56
6.72 2.44 30.59
6.17 2.23 29.27
6.45 2.58 30.90
6.20 2.44 30.07
6.62 2.46 32.64
6.53 2.58 29.27
5.58 2.85 23.72
5.13 3.10 18.64
5.44 2.70 23.27
6.33 2.77 29.58
5.97 2.55 26.09
6.52 2.43 30.27
5.96 2.67 28.31
6.45 2.48 30.43
5.99 2.67 29.30
5.83 2.66 28.24
6.38 2.59 30.73
6.55 2.67 32.01
6.05 2.73 27.73
6.07 2.51 28.29
5.91 2.57 26.21
5.14 2.92 25.29
5.85 2.51 23.63
5.79 2.60 27.66
6.35 2.50 30.71
6.35 2.61 32.21
6.37 2.73 32.85
6.28 2.57 29.29
6.69 2.68 34.50
6.83 2.53 30.35
5.74 2.47 25.15
6.27 2.63 26.40
5.25 2.86 25.38
5.15 2.84 25.42
6.49 2.70 26.59
5.92 2.63 23.42
5.97 2.95 22.33
4.64 2.98 23.13
5.48 2.70 25.48
5.08 3.16 20.62
4.98 2.97 20.86
5.46 2.89 24.45
6.93 2.62 27.63
5.82 2.32 28.14
5.84 2.35 27.23
6.37 2.31 28.95
5.79 2.66 27.79
5.89 2.56 25.54
5.90 2.70 26.56
5.10 3.07 18.53
6.31 2.54 26.55
6.06 2.68 25.57
6.09 2.88 24.79
6.16 2.65 25.05
7.43 2.96 26.76
5.98 2.69 19.59
5.21 3.79 17.76
6.44 2.87 24.60
7.15 2.85 27.33
7.87 3.16 30.18
5.48 2.36 25.11
6.42 2.37 24.14
6.55 2.01 24.03
6.88 2.37 26.74
6.78 2.47 27.04
6.53 2.54 26.97
5.21 3.11 19.23
4.53 3.57 16.00
7.03 2.91 25.95
7.26 2.83 32.99
8.88 3.63 37.60
6.52 2.60 26.68
5.86 2.56 22.91
6.20 4.70 23.81
6.47 2.52 23.99
6.67 2.86 25.95
6.35 2.63 25.85
6.38 2.67 27.64
5.71 2.81 23.91
6.56 3.06 26.47
6.15 2.49 24.78
6.60 2.38 27.10
6.93 2.88 26.26
6.77 2.59 25.41
6.48 2.86 24.76
6.83 2.84 25.30
5.18 3.04 20.80
5.74 2.44 20.81
5.40 2.83 20.31
4.88 3.00 17.69
5.55 2.54 23.30
5.58 2.86 20.57
6.05 3.25 24.42
5.71 2.75 22.23
5.43 2.83 20.52
5.50 3.28 21.32
6.96 3.09 24.48
6.77 2.92 23.66
6.63 3.68 25.24
5.22 3.62 17.30
5.02 3.79 17.79
5.56 2.89 19.81
5.03 2.95 19.56
4.13 3.76 16.24
6.62 2.66 26.31
5.57 2.61 19.97
6.11 2.60 21.24
5.05 2.74 19.91
4.64 2.75 19.19
6.01 2.45 24.42
5.60 2.39 21.08
5.71 2.41 23.92
5.60 2.35 24.62
6.41 2.71 28.37
6.66 2.34 26.75
6.26 3.19 23.68
6.28 2.74 26.38
5.95 3.32 22.27
6.28 2.53 25.05
7.13 2.51 29.39
6.07 2.90 21.96
5.12 3.07 18.61
5.82 3.11 20.98
6.35 3.29 20.80
5.78 2.78 23.10
6.47 2.42 26.36
5.10 2.92 19.87
6.16 2.53 22.88
4.82 3.51 18.41
7.24 2.36 29.48
5.79 2.87 21.81
5.42 3.23 21.87
5.91 2.70 23.20
6.37 2.84 26.98
5.69 3.03 21.45
6.45 2.23 27.34
6.44 3.07 23.38
5.21 3.45 19.25
5.39 2.83 22.37
5.78 3.18 21.74
6.04 3.02 25.15
4.51 3.93 17.79
5.40 2.70 22.44
6.43 2.48 28.11
5.44 2.96 21.77
6.42 2.79 23.14
6.06 3.40 20.62
5.49 3.41 21.08
5.77 2.90 21.78
6.08 2.96 22.32
6.36 2.76 22.14
7.90 2.65 30.42
6.88 2.72 22.89
7.53 2.79 29.94
6.30 2.99 22.58
7.17 2.81 28.03
6.94 2.62 25.44
7.25 2.83 27.02
7.21 3.47 26.21
5.70 3.04 21.39
6.26 2.74 22.01
6.70 2.61 26.85
5.87 3.04 22.91
5.25 2.92 21.56
6.61 2.84 22.48
6.72 2.64 26.63
5.06 3.13 17.50
5.81 3.50 21.86
5.46 2.41 22.65
5.84 2.89 20.93
4.98 3.77 18.30
5.40 2.93 19.60
5.44 3.37 22.47
7.82 3.16 32.21
7.16 2.71 26.26
5.86 2.84 20.64
7.28 2.85 28.05
8.04 3.08 29.34
5.38 2.89 21.23
6.92 3.38 24.60
5.26 3.49 19.44
6.10 2.99 19.75
6.03 2.78 21.05
5.69 2.79 19.48
6.36 3.22 23.36
6.29 3.05 18.82
6.29 2.68 21.74
6.22 2.60 20.69
6.96 3.26 24.86
6.00 2.66 20.29
5.93 2.39 22.35
6.41 2.67 22.28
5.59 2.97 18.80
6.46 3.42 26.99
5.63 2.89 19.10
6.25 2.75 21.48
5.31 2.86 19.05
6.50 2.88 20.45
6.72 2.77 24.09
5.98 3.06 23.30
7.37 2.69 28.33
7.27 2.75 25.06
6.38 2.69 21.42
5.34 2.99 23.09
5.20 2.70 18.66
6.07 2.86 23.93
5.52 2.63 21.96
6.57 2.56 25.55
7.01 2.75 27.44
5.24 3.16 20.07
5.37 2.96 21.38
5.99 2.78 21.21
6.42 2.89 22.35
6.46 2.97 22.54
8.16 3.12 32.01
6.34 2.89 23.80
6.70 2.78 25.35
6.04 2.89 22.27
5.79 2.31 25.71
4.49 3.02 19.43
4.32 3.31 19.38
5.11 2.83 20.35
5.04 3.07 19.84
6.02 1.68 26.32
7.13 2.00 31.32
6.12 1.56 25.74
6.01 1.74 26.02
6.00 1.82 30.71
6.24 1.59 27.44
4.84 2.07 18.53
5.91 1.87 24.91
4.47 2.41 19.37
4.85 1.48 22.11
5.04 1.63 20.82
5.42 1.42 24.66
4.61 1.99 19.01
5.27 1.61 25.14
5.85 1.49 25.87
5.71 1.27 24.73
4.45 2.15 18.66
5.28 1.53 24.62
4.63 1.98 19.82
4.65 2.07 20.74
5.71 1.38 25.32
5.29 1.51 22.07
5.41 1.76 20.05
5.08 1.45 24.40
6.04 1.06 25.77
6.79 1.51 32.18
5.66 1.23 27.00
5.90 1.05 26.37
5.62 0.87 26.51
5.61 1.23 25.42
6.14 1.03 29.83
5.70 1.20 25.83
5.03 1.54 23.81
5.02 1.50 20.96
5.55 1.45 24.76
5.39 1.35 24.23
5.84 1.62 25.38
5.79 1.23 25.97
5.75 1.54 25.52
4.81 1.60 22.59
5.20 1.33 23.05
5.50 1.57 23.67
5.87 1.35 25.59
6.42 1.70 22.97
5.92 2.49 18.91
4.55 2.61 16.93
4.28 2.54 20.19
6.14 2.17 21.35
4.90 2.08 17.81
5.34 2.27 17.50
4.58 2.07 19.44
6.06 1.97 22.61
5.72 1.74 19.32
5.07 1.62 20.43
4.90 2.00 15.99
5.21 2.56 18.51
4.55 2.21 17.61
4.18 2.54 13.99
6.09 1.41 27.19
5.36 1.66 21.79
5.70 1.46 23.21
6.10 1.29 26.37
6.80 1.57 28.25
5.57 1.50 26.32
5.40 1.73 23.43
5.89 1.41 24.42
6.98 1.80 29.93
7.73 2.10 33.30
8.40 2.74 36.48
7.97 2.25 34.63
7.46 1.86 32.09
8.92 3.00 40.00
7.34 1.54 32.42
7.56 2.04 34.32
7.76 2.37 36.04
5.69 1.46 27.61
7.02 1.32 32.21
6.12 1.22 30.14
6.13 1.09 27.51
6.13 0.93 27.13
6.28 1.17 28.02
6.62 1.22 29.43
7.09 1.67 31.53
6.79 1.88 27.90
6.19 1.40 28.07
5.03 1.79 19.53
7.45 2.08 31.29
5.89 1.53 26.17
6.37 1.24 29.87
7.67 1.84 33.15
6.71 1.14 27.25
6.79 1.28 30.14
6.57 1.42 29.56
6.20 1.41 27.45
7.05 1.53 29.08
5.64 1.24 28.29
5.51 1.38 25.80
8.04 2.41 30.24
8.10 2.27 33.84
7.67 1.90 31.90
7.16 1.61 30.93
7.15 1.56 29.74
7.54 1.72 31.87
8.37 3.06 34.27
8.20 2.56 34.53
7.54 1.79 30.78
6.94 1.50 31.19
7.53 1.93 30.09
8.30 2.44 32.63
5.83 1.41 21.29
7.32 2.27 29.75
7.72 2.10 28.51
6.25 1.20 23.82
5.73 1.75 25.10
4.81 1.69 20.24
5.42 1.56 25.17
5.31 1.62 23.38
4.50 2.69 19.58
4.48 2.03 20.54
4.91 1.90 20.95
5.20 2.15 20.24
5.56 1.53 22.49
5.19 1.45 23.43
5.09 1.72 19.95
5.83 0.92 28.22
6.87 1.43 27.54
7.11 1.67 31.89
5.69 1.34 24.57
5.47 2.14 25.09
5.43 1.48 18.97
6.50 1.61 30.22
5.87 1.06 29.42
7.10 1.55 35.64
6.96 1.50 29.43
6.71 1.36 29.26
6.50 1.03 28.39
6.76 1.71 27.30
7.04 1.66 32.68
7.23 2.01 32.15
7.20 1.76 31.73
4.84 1.85 17.90
5.77 1.30 25.32
6.15 1.25 24.26
6.58 1.64 27.12
5.73 1.74 23.29
6.66 1.54 29.77
6.10 1.40 26.05
6.01 1.47 24.78
4.34 2.21 19.93
5.06 1.84 24.94
5.71 1.22 25.72
6.08 1.14 26.89
6.32 1.06 27.81
5.93 0.96 26.35
5.16 1.74 19.29
5.12 1.60 21.85
6.04 1.31 23.31
5.85 1.59 26.61
6.26 1.48 27.43
6.13 1.36 27.19
6.83 1.44 28.19
5.86 1.19 27.23
7.88 2.26 36.61
6.69 1.67 27.41
6.48 1.30 30.25
7.40 1.81 34.20
5.59 1.51 28.00
6.28 1.33 26.20
6.20 1.20 25.81
6.14 2.17 18.46
7.07 2.04 30.09
5.90 1.60 29.88
7.14 1.65 31.23
6.64 1.54 30.50
5.68 1.24 26.77
6.57 1.37 29.55
6.27 1.22 27.30
5.81 1.43 21.72
7.15 1.90 28.27
7.30 1.85 32.43
6.38 0.98 26.83
6.45 1.27 27.02
5.66 1.37 23.75
6.11 1.39 26.38
7.04 1.62 28.40
6.43 1.12 28.48
6.98 1.55 30.24
6.27 1.48 27.13
5.92 1.25 24.63
5.18 1.83 22.14
6.01 1.93 19.96
6.20 1.31 26.01
7.19 2.11 24.80
7.10 1.89 24.26
6.88 1.47 30.55
6.65 1.09 28.58
7.57 1.86 33.89
7.39 1.96 33.54
6.71 1.60 31.25
6.04 1.08 26.92
6.23 1.08 27.32
5.25 1.59 26.36
5.57 1.47 24.55
5.11 1.73 25.70
6.34 1.12 25.42
6.77 1.34 29.03
5.08 1.77 25.76
5.95 1.19 26.99
5.91 1.20 28.53
5.21 1.48 23.93
6.37 1.13 32.23
5.99 0.90 29.25
5.25 1.53 25.95
5.65 1.61 22.40
5.44 1.47 24.85
5.88 1.39 27.10
6.05 1.36 25.19
6.04 1.07 26.68
5.96 1.51 28.67
5.74 1.42 26.86
5.82 1.44 28.41
5.54 1.42 28.21
4.89 1.79 24.62
5.69 1.52 27.42
6.69 1.22 32.44
6.45 1.12 28.42
6.28 0.88 26.58
6.05 1.34 30.19
5.67 1.18 22.39
6.75 1.36 29.29
6.46 1.48 26.88
8.14 2.50 32.45
5.01 1.77 22.82
5.53 1.03 23.95
7.73 2.01 34.07
5.97 1.28 27.31
4.97 1.57 22.70
5.13 1.52 23.50
3.62 3.36 15.75
6.20 1.22 28.98
4.86 1.88 22.20
6.13 1.50 26.38
4.82 2.58 18.25
5.70 1.99 15.99
4.77 2.17 17.63
5.42 2.67 20.13
5.29 2.25 17.68
4.39 2.68 17.82
4.04 3.08 11.80
4.06 3.53 13.86
5.05 1.66 17.67
4.74 2.59 17.20
3.76 3.01 16.00
4.69 2.68 18.38
4.25 3.69 14.01
4.59 3.23 15.77
5.30 3.43 17.72
4.27 3.79 14.62
4.84 2.75 17.23
4.32 2.83 17.14
3.98 3.19 13.47
3.90 3.60 14.73
4.39 2.49 15.96
4.87 3.75 18.71
5.36 3.04 19.46
4.51 3.06 19.99
3.28 4.35 9.58
4.24 3.45 13.63
4.56 2.94 13.97
4.05 3.51 12.37
4.63 3.01 14.90
3.47 3.58 11.34
4.79 2.58 15.65
3.42 3.70 10.49
4.42 3.12 13.24
4.15 2.86 15.03
3.36 3.43 13.03
4.39 2.91 13.29
5.40 2.63 16.02
3.58 3.78 10.96
3.59 3.96 8.82
3.88 3.58 12.37
3.06 4.19 8.67
4.61 2.90 16.59
3.51 3.97 11.24
5.31 1.66 21.41
5.92 1.70 22.56
4.09 2.73 13.12
2.81 3.96 7.62
3.76 3.49 11.66
5.65 2.23 16.09
4.64 2.08 18.95
5.14 2.01 19.74
4.97 1.95 21.55
5.28 1.65 19.38
5.20 1.95 21.07
4.71 2.32 18.33
5.19 1.64 20.65
4.08 3.44 11.84
4.55 3.06 18.98
2.57 4.05 7.94
4.71 2.24 18.70
5.29 1.67 22.12
4.96 1.87 19.08
3.97 2.61 19.47
4.72 2.38 21.35
4.64 2.15 19.90
4.51 2.42 21.81
4.27 2.35 19.23
4.09 2.67 21.18
3.86 2.70 19.06
4.42 2.24 19.72
3.12 3.70 16.64
3.33 3.12 15.06
4.06 3.39 18.55
2.81 3.70 8.99
3.23 3.67 9.19
3.59 3.03 17.37
4.79 2.20 21.84
5.24 1.49 25.61
4.99 2.15 24.22
4.58 2.44 21.80
4.63 2.24 22.89
4.13 2.63 19.50
5.10 1.99 21.98
4.88 2.10 23.52
5.05 2.21 22.47
4.90 2.30 21.83
5.06 1.71 22.44
5.35 1.80 20.73
5.83 2.22 27.19
4.19 2.71 18.93
5.28 1.98 23.32
5.47 1.67 23.79
4.72 2.08 21.82
4.16 2.80 11.82
4.19 2.44 16.41
5.24 1.87 22.82
4.72 2.41 22.85
5.04 2.08 22.08
4.65 2.23 21.33
5.19 1.65 23.55
4.78 2.07 19.35
3.95 3.01 17.78
4.48 2.32 21.62
4.49 2.26 19.76
5.07 1.95 23.03
5.66 1.92 25.46
5.20 2.03 23.68
4.17 2.40 18.49
4.70 2.34 22.41
4.68 2.22 23.43
5.04 2.04 25.99
4.49 2.52 17.68
3.98 2.91 17.50
4.46 2.40 21.48
4.03 2.56 16.05
4.06 2.54 17.93
3.89 3.02 17.06
4.52 2.22 18.30
3.66 2.89 17.69
4.85 2.41 22.63
5.05 2.31 23.91
4.82 2.32 22.78
5.46 1.69 23.04
5.40 2.14 24.37
5.26 2.07 23.24
5.72 1.71 26.14
5.34 1.93 22.10
4.96 2.06 20.61
6.17 1.71 28.79
5.38 1.66 25.33
4.99 1.57 21.06
5.29 1.55 24.37
5.24 1.95 21.07
5.66 1.37 23.01
4.81 1.82 20.96
5.14 1.87 22.70
5.52 1.46 23.47
5.30 1.91 23.80
5.23 1.90 24.59
5.40 1.68 22.43
5.52 1.61 22.96
5.84 1.56 26.30
5.86 1.30 26.37
5.28 1.76 23.47
5.79 1.74 25.89
4.94 2.04 22.45
5.47 1.50 25.51
5.45 1.65 24.90
4.79 2.13 24.20
5.72 1.83 27.59
5.10 2.03 24.20
5.43 1.79 23.93
4.86 2.07 23.48
4.99 2.08 22.45
5.27 1.98 22.40
4.90 2.58 20.49
5.70 2.33 24.86
4.68 2.39 17.67
4.60 2.57 18.13
5.34 1.88 26.07
5.93 2.14 29.10
5.61 2.11 28.32
5.21 2.28 25.18
5.99 1.86 26.83
5.41 1.87 24.30
5.20 1.95 21.27
5.11 2.16 23.71
5.12 2.32 20.31
5.63 1.74 24.25
4.81 2.35 21.59
5.63 2.12 25.43
5.04 2.26 21.55
5.24 1.88 21.60
6.05 1.59 20.78
5.01 1.90 22.62
5.42 2.25 22.64
6.03 1.81 25.75
5.90 2.18 25.78
5.59 1.84 21.40
6.02 2.21 23.15
5.33 1.77 24.90
5.00 2.13 21.80
5.19 2.14 23.84
5.63 1.98 25.00
4.58 2.15 19.77
5.77 1.67 27.05
6.27 1.89 29.85
5.93 1.40 24.79
4.98 1.76 25.41
5.31 1.97 22.31
5.33 1.59 25.74
4.92 2.33 19.12
4.85 2.27 21.82
4.43 2.60 18.17
4.03 2.53 18.53
4.42 2.19 16.41
4.80 2.34 19.25
5.20 2.19 25.08
4.93 2.24 20.66
4.95 1.97 22.59
5.22 1.62 21.83
5.27 1.68 22.22
5.71 1.69 26.49
5.90 1.98 24.03
6.24 2.04 25.18
5.92 2.13 23.61
5.81 2.47 24.57
6.16 1.87 25.69
6.40 1.84 27.08
6.11 1.96 22.26
6.64 1.90 28.93
6.56 1.27 28.83
5.76 1.87 23.19
6.62 2.36 27.16
6.34 1.77 27.58
6.18 1.57 24.57
5.87 1.71 26.79
6.15 2.14 27.60
6.79 2.34 32.48
6.31 1.84 30.32
5.83 1.85 26.13
6.22 2.08 27.60
5.99 1.70 26.67
5.73 1.98 23.33
6.08 1.92 26.65
6.74 1.97 28.76
5.68 1.98 20.49
6.82 2.15 30.82
4.82 1.80 22.35
5.44 1.72 23.44
6.19 1.90 25.72
5.19 2.01 20.26
6.39 1.51 27.99
5.95 1.68 23.22
5.72 1.95 23.41
5.65 2.11 23.42
5.67 1.71 23.85
4.87 2.31 18.43
4.52 2.43 16.68
5.25 1.86 18.37
5.80 2.37 23.01
4.39 2.87 20.51
4.92 2.80 19.61
5.31 1.53 21.80
4.77 2.39 18.11
4.67 2.51 20.04
5.78 1.89 22.46
5.71 1.36 22.92
5.40 1.77 22.19
6.13 1.69 25.24
5.21 2.49 13.38
5.98 1.33 27.33
6.48 1.64 26.39
5.79 1.93 26.17
5.70 2.02 25.50
5.82 1.74 25.08
5.03 2.36 21.76
6.16 1.80 25.13
5.15 2.15 25.11
5.82 1.71 25.75
5.43 2.16 21.03
5.68 2.28 24.63
4.91 1.98 20.93
6.00 1.96 26.47
5.43 1.95 24.00
5.94 1.61 24.02
5.07 1.84 22.85
5.64 2.02 23.88
5.55 1.64 23.46
5.30 2.14 20.77
6.46 1.58 27.38
5.92 1.92 23.87
6.17 1.88 25.22
6.19 1.87 24.36
5.43 1.98 22.66
6.02 1.96 25.30
5.59 1.94 22.44
6.61 2.22 25.85
6.24 2.10 26.99
5.63 1.67 24.86
5.32 1.80 20.98
6.22 1.86 25.77
6.63 1.98 24.69
6.27 1.89 27.10
5.70 1.74 22.35
5.54 1.94 23.23
4.94 2.47 21.96
4.86 2.49 20.84
5.44 1.79 24.20
4.60 2.21 16.41
5.19 2.27 21.72
5.77 1.62 26.36
5.16 1.53 20.62
5.30 2.04 20.32
5.18 1.97 21.70
5.05 2.17 21.51
5.36 2.31 22.57
5.69 2.05 22.26
5.22 2.09 23.42
5.06 1.80 19.60
5.59 2.13 26.14
6.02 1.80 24.51
5.16 2.03 22.02
5.69 2.06 20.41
6.29 1.67 25.74
5.99 1.57 22.93
5.97 1.88 26.22
5.88 1.88 23.54
5.29 1.67 21.20
5.52 2.16 21.77
6.42 1.72 26.69
6.13 2.08 25.15
6.30 1.50 25.40
5.55 2.07 22.80
5.92 1.83 25.63
5.71 1.67 25.36
4.90 2.01 20.67
5.02 1.91 18.75
6.23 1.88 21.76
5.05 2.08 19.23
5.98 1.85 24.30
5.72 1.97 23.09
5.38 1.90 23.50
4.98 2.10 20.21
5.94 2.17 25.12
5.27 1.70 19.63
6.08 1.90 25.45
6.52 1.82 25.83
5.46 2.24 24.10
5.49 1.98 20.95
6.08 2.16 23.25
5.37 2.16 21.73
5.80 1.91 25.06
5.91 1.65 23.43
5.68 2.49 23.37
5.21 1.90 23.23
5.40 1.78 22.89
6.12 1.87 22.65
4.98 2.07 20.06
5.07 2.15 24.63
5.51 1.97 23.25
5.06 2.38 22.32
5.87 1.73 24.77
4.50 2.25 21.83
5.35 2.00 24.95
4.96 1.96 21.76
5.37 1.67 22.06
5.15 1.94 23.51
5.69 1.89 21.09
5.93 2.04 23.98
4.91 2.24 20.02
6.31 1.82 26.17
5.48 2.06 23.92
5.71 2.14 23.21
5.89 1.88 25.77
6.50 2.12 26.09
5.58 2.10 25.34
5.33 2.23 19.82
5.40 2.00 23.14
5.70 1.76 22.77
5.66 1.97 25.81
4.72 1.98 19.39
5.62 2.03 23.31
5.61 1.64 23.21
5.11 2.57 21.29
5.34 2.10 25.89
5.41 1.75 22.35
6.55 1.72 25.49
6.04 1.64 22.98
5.56 1.89 22.10
5.40 2.04 18.87
5.41 2.04 19.81
6.29 1.97 27.46
4.70 2.14 19.00
5.70 2.35 25.76
5.62 2.07 20.53
5.98 1.81 20.75
5.36 2.37 22.67
5.62 1.75 21.95
5.17 2.13 23.38
5.68 2.08 22.41
4.72 2.40 19.51
5.29 2.03 21.90
5.76 2.16 24.82
5.32 2.02 23.96
5.81 2.33 25.18
5.32 2.22 23.52
5.64 2.24 24.52
5.40 2.36 25.10
5.60 2.13 23.23
5.30 1.95 23.42
6.59 2.09 27.60
5.90 2.16 24.91
4.84 2.31 21.23
5.49 2.43 24.84
5.42 2.24 19.86
5.87 2.16 22.64
6.02 1.83 24.47
5.21 2.48 22.28
5.75 2.00 24.11
5.28 2.25 19.83
5.38 2.03 21.98
5.10 2.38 18.23
5.63 2.37 23.73
5.79 1.82 22.70
6.10 1.77 22.06
5.65 1.85 22.76
6.08 2.07 27.54
5.64 2.43 25.38
5.47 1.90 22.15
5.90 2.28 22.07
6.11 2.35 21.95
5.34 2.06 21.18
5.67 1.95 21.67
5.75 2.02 21.56
5.44 2.20 21.47
5.48 2.23 22.17
5.20 2.29 21.41
5.35 2.19 22.79
4.78 2.42 21.76
5.45 1.98 25.93
5.66 2.28 22.70
5.43 2.27 23.27
5.31 2.33 21.56
5.61 2.18 22.75
4.22 2.70 14.40
4.49 2.52 21.35
5.89 2.10 25.91
6.12 1.56 26.69
6.15 1.89 27.27
5.32 2.55 26.01
5.83 2.17 24.47
5.79 2.12 25.84
5.78 2.30 24.30
5.76 2.04 25.45
5.85 1.62 25.87
6.95 1.86 27.00
6.00 1.53 23.04
5.92 1.56 23.87
5.75 2.29 24.84
5.63 2.22 24.71
5.63 1.46 23.19
4.87 3.06 21.57
5.13 1.97 23.15
6.81 2.29 27.34
5.83 1.85 21.51
6.54 2.10 26.08
5.09 2.58 20.33
5.88 2.84 22.72
5.68 2.27 20.14
5.02 1.90 18.80
6.65 1.98 27.49
5.18 1.83 21.11
5.14 2.20 19.45
5.77 1.91 22.22
6.07 2.03 23.37
5.65 2.14 22.09
5.51 1.86 18.99
5.65 1.77 23.22
5.93 2.07 21.51
6.80 1.70 25.66
6.51 1.76 24.56
5.68 2.38 21.30
6.24 2.07 23.71
5.81 2.00 22.22
5.36 2.28 18.97
5.29 2.35 20.39
6.10 2.35 24.11
6.28 2.15 26.64
6.17 1.83 24.41
5.36 2.56 23.95
5.63 2.23 23.52
5.09 2.66 20.24
5.64 2.36 25.23
4.90 2.74 19.45
5.57 1.96 24.58
5.31 2.21 23.62
5.20 2.01 24.60
5.27 2.68 21.50
5.72 2.62 22.79
5.64 2.10 23.04
5.94 2.21 24.71
6.47 2.48 25.47
6.13 2.04 27.38
5.93 2.02 24.08
5.91 2.18 27.32
5.52 2.15 23.98
5.64 1.84 24.45
6.06 2.00 26.28
6.54 2.31 27.73
6.09 2.26 25.87
4.96 2.40 22.44
5.14 2.36 21.67
5.63 2.17 23.20
6.33 2.19 25.34
6.63 2.55 28.74
5.68 2.12 22.90
6.12 1.66 24.55
6.53 2.24 26.35
6.11 2.07 26.03
5.35 2.50 24.11
5.60 1.73 24.90
5.39 1.91 23.86
6.43 1.65 28.13
5.55 2.15 21.78
4.75 2.38 17.47
6.40 2.21 27.51
5.81 1.50 24.35
5.74 2.19 23.81
6.28 1.79 29.12
5.41 2.31 21.84
5.37 2.14 23.27
5.04 2.11 24.65
5.93 1.91 25.76
5.58 2.27 24.31
5.50 1.84 19.94
5.19 2.21 21.59
5.28 2.16 21.71
6.07 2.42 23.47
5.41 2.31 21.14
4.90 2.44 16.90
5.32 2.25 18.96
4.96 2.26 21.28
5.32 2.03 22.50
5.81 1.88 25.42
5.30 2.01 23.38
4.91 2.30 22.65
5.68 2.41 23.60
5.81 1.97 24.79
5.59 2.30 22.38
5.95 1.53 23.90
5.99 2.04 25.03
5.52 2.11 20.37
5.57 1.91 20.93
5.02 2.37 21.50
5.46 1.94 22.88
5.50 2.01 23.52
5.90 1.95 22.72
6.40 1.64 26.39
6.08 1.65 23.49
5.65 1.69 24.15
5.87 2.34 23.06
6.01 1.77 25.60
6.08 2.39 25.59
5.74 2.11 25.25
5.10 2.04 19.85
6.23 2.00 25.01
5.52 2.38 22.50
6.12 1.94 26.07
5.90 2.36 25.38
5.89 2.09 25.93
6.18 2.23 25.52
5.95 1.89 25.46
5.53 2.11 22.62
5.19 2.12 18.64
5.85 2.45 24.72
5.51 1.99 19.05
5.65 2.19 24.39
5.47 1.85 20.15
6.25 2.11 26.01
6.06 1.87 25.20
6.04 1.93 24.02
6.08 1.99 23.99
5.55 2.57 21.28
6.30 1.96 25.64
5.27 2.08 24.06
5.34 2.21 21.86
5.30 2.00 18.66
5.69 2.10 24.08
5.59 1.86 23.04
5.61 1.64 22.07
4.91 2.52 20.55
6.65 1.80 27.52
5.97 1.64 24.65
5.50 1.65 24.00
5.95 1.51 26.83
6.29 1.64 29.23
6.17 1.92 28.17
5.78 1.84 27.71
5.04 1.81 23.36
5.24 1.84 21.45
5.96 1.94 25.96
5.65 1.85 24.58
6.15 1.70 25.26
7.06 1.99 29.07
5.46 1.99 23.74
5.41 2.13 25.02
5.46 2.22 22.04
5.31 2.05 22.49
6.15 2.51 21.61
6.10 2.00 23.76
6.42 2.28 26.18
6.00 2.31 25.11
5.09 2.33 20.61
5.36 2.20 22.15
5.50 1.93 22.33
5.69 1.83 21.82
6.54 1.59 25.82
6.35 1.98 28.41
5.93 1.68 24.50
5.60 2.21 22.32
5.50 2.20 20.86
5.26 1.81 23.79
6.13 1.73 27.58
6.18 1.84 25.93
6.11 1.87 26.17
5.23 2.16 20.30
5.75 2.26 23.58
6.31 1.77 26.75
5.30 2.12 23.52
5.12 2.75 22.75
5.31 1.64 21.81
5.74 1.88 24.29
5.85 2.26 24.03
5.84 1.77 25.04
6.40 1.43 25.84
5.06 2.10 21.23
5.53 2.37 22.75
4.94 2.61 18.13
5.71 2.46 21.66
5.05 2.57 21.02
5.47 2.10 24.07
5.75 2.16 23.84
5.22 2.42 22.70
5.67 2.63 24.64
5.20 2.53 22.67
4.42 2.60 17.25
4.90 2.77 16.53
4.71 3.02 21.93
5.25 2.60 21.50
5.01 2.88 20.38
5.14 2.87 20.97
5.25 2.58 21.10
4.99 2.73 20.20
5.30 2.98 28.60
5.63 2.06 25.55
5.86 2.42 22.32
6.18 2.17 25.27
6.00 1.65 24.88
5.37 2.05 20.64
4.91 2.57 21.54
6.27 2.31 25.03
6.70 2.05 30.19
6.66 2.15 26.97
6.97 2.16 26.88
5.33 2.32 20.61
6.59 1.94 24.82
5.23 2.12 22.10
6.11 2.34 24.77
5.10 2.36 21.37
5.56 2.56 23.71
5.35 2.38 20.45
4.79 2.55 18.89
5.46 2.35 25.17
5.66 2.47 23.77
5.56 1.99 22.09
5.34 2.57 20.44
5.44 2.27 23.58
4.73 2.48 17.96
6.20 2.11 24.86
5.39 2.28 22.38
4.92 2.04 22.10
5.54 2.25 23.91
5.26 2.35 20.97
4.97 2.80 22.62
5.03 2.39 22.65
5.82 2.07 24.49
5.28 1.98 21.76
4.61 2.70 20.28
5.37 1.84 23.78
5.24 2.22 21.12
5.04 2.81 22.09
5.13 2.53 18.80
5.81 2.36 23.79
5.20 2.41 24.13
5.51 2.58 17.74
5.54 2.11 20.84
6.53 2.38 26.45
6.06 2.08 25.59
5.35 1.90 23.00
4.61 2.62 20.07
5.66 1.51 23.76
5.70 2.45 25.21
4.66 2.40 18.36
5.01 2.76 22.59
4.56 2.66 20.70
5.74 2.48 29.05
